2021/07/09 07:30:00-07:43:52 JST
fH2O= 62.19 /media/data/L0/Ko210709/07/Ko074300.(00-0d)25ns 24000/40bin dz149.90 7315 shot 0.300mrad wid=0 fnum:14 fnum_noise:0
Altitude(km) W[g/kg] dW[g/kg] R355 dR355 T[K] RO[gm^-3] PZ^2_355 Wsonde[g/kg] dWsonde[g/kg]
0.192370 1.919000e+01 4.790000e-01 1.122000e-01 4.708000e-02 2.869000e+02 1.202000e+00 2.650631e+03 0.000000e+00 0.000000e+00
0.267320 1.897000e+01 3.401000e-01 3.298000e-01 1.381000e-01 2.864000e+02 1.194000e+00 7.538863e+03 0.000000e+00 0.000000e+00
0.342270 1.937000e+01 3.098000e-01 6.516000e-01 2.727000e-01 2.859000e+02 1.185000e+00 1.451870e+04 0.000000e+00 0.000000e+00
0.417210 1.910000e+01 3.008000e-01 1.112000e+00 4.648000e-01 2.854000e+02 1.176000e+00 2.409262e+04 0.000000e+00 0.000000e+00
0.492160 1.852000e+01 3.098000e-01 1.913000e+00 7.943000e-01 2.849000e+02 1.168000e+00 3.890648e+04 0.000000e+00 0.000000e+00
0.567110 1.759000e+01 3.562000e-01 1.690000e+00 6.985000e-01 2.844000e+02 1.159000e+00 3.264217e+04 0.000000e+00 0.000000e+00
0.642060 1.741000e+01 4.018000e-01 1.581000e+00 6.511000e-01 2.840000e+02 1.151000e+00 2.917369e+04 0.000000e+00 0.000000e+00
0.717010 1.746000e+01 4.665000e-01 2.129000e+00 8.687000e-01 2.835000e+02 1.143000e+00 3.662349e+04 0.000000e+00 0.000000e+00
0.791960 1.675000e+01 5.586000e-01 2.814000e+00 1.126000e+00 2.830000e+02 1.134000e+00 4.380068e+04 0.000000e+00 0.000000e+00
0.866900 1.655000e+01 6.949000e-01 3.842000e+00 1.472000e+00 2.825000e+02 1.126000e+00 5.171811e+04 0.000000e+00 0.000000e+00
0.941850 1.601000e+01 9.067000e-01 6.547000e+00 2.111000e+00 2.820000e+02 1.118000e+00 6.769917e+04 0.000000e+00 0.000000e+00
1.016800 1.605000e+01 1.403000e+00 8.953000e+00 1.558000e+00 2.815000e+02 1.110000e+00 6.407980e+04 0.000000e+00 0.000000e+00
1.129220 1.586000e+01 1.576000e+00 4.084000e+00 3.007000e-01 2.808000e+02 1.098000e+00 2.276265e+04 0.000000e+00 0.000000e+00
1.279120 1.225000e+01 2.333000e+00 1.117000e+00 8.223000e-02 2.798000e+02 1.081000e+00 5.954481e+03 0.000000e+00 0.000000e+00
1.429010 1.306000e+01 3.141000e+00 9.309000e-01 6.890000e-02 2.788000e+02 1.065000e+00 4.799038e+03 0.000000e+00 0.000000e+00
1.578910 1.312000e+01 3.579000e+00 9.598000e-01 7.131000e-02 2.779000e+02 1.050000e+00 4.785450e+03 0.000000e+00 0.000000e+00
1.728810 1.345000e+01 4.390000e+00 9.059000e-01 6.759000e-02 2.769000e+02 1.034000e+00 4.370240e+03 0.000000e+00 0.000000e+00
1.878700 8.513000e+00 5.425000e+00 9.350000e-01 7.005000e-02 2.759000e+02 1.019000e+00 4.365599e+03 0.000000e+00 0.000000e+00
2.028600 1.405000e+01 5.967000e+00 9.431000e-01 7.107000e-02 2.750000e+02 1.004000e+00 4.262884e+03 0.000000e+00 0.000000e+00
2.178500 9.633000e+00 7.463000e+00 9.333000e-01 7.084000e-02 2.740000e+02 9.885000e-01 4.084541e+03 0.000000e+00 0.000000e+00
2.328390 3.842000e+00 9.930000e+00 9.197000e-01 7.037000e-02 2.730000e+02 9.735000e-01 3.898858e+03 0.000000e+00 0.000000e+00
2.478290 9.011000e+00 1.056000e+01 9.247000e-01 7.131000e-02 2.720000e+02 9.588000e-01 3.797936e+03 0.000000e+00 0.000000e+00
2.628180 9.415000e+00 1.103000e+01 9.548000e-01 7.421000e-02 2.711000e+02 9.443000e-01 3.800319e+03 0.000000e+00 0.000000e+00
2.778080 9.020000e+00 1.503000e+01 9.430000e-01 7.414000e-02 2.701000e+02 9.300000e-01 3.638971e+03 0.000000e+00 0.000000e+00
2.927980 1.812000e+01 1.375000e+01 9.747000e-01 7.732000e-02 2.691000e+02 9.159000e-01 3.647120e+03 0.000000e+00 0.000000e+00
3.077870 -9.990000e+02 -7.431000e+104 9.863000e-01 7.914000e-02 2.682000e+02 9.019000e-01 3.579296e+03 0.000000e+00 0.000000e+00
3.227770 6.139000e+00 1.588000e+01 9.371000e-01 7.659000e-02 2.672000e+02 8.879000e-01 3.299904e+03 0.000000e+00 0.000000e+00
3.377670 -9.990000e+02 -7.431000e+104 9.708000e-01 8.016000e-02 2.662000e+02 8.742000e-01 3.316490e+03 0.000000e+00 0.000000e+00
3.527560 3.286000e+01 3.007000e+01 1.036000e+00 8.587000e-02 2.652000e+02 8.607000e-01 3.424247e+03 0.000000e+00 0.000000e+00
3.677460 -9.990000e+02 -7.431000e+104 9.966000e-01 8.437000e-02 2.642000e+02 8.473000e-01 3.200180e+03 0.000000e+00 0.000000e+00
3.827350 -9.990000e+02 -7.431000e+104 9.442000e-01 8.192000e-02 2.633000e+02 8.342000e-01 2.945820e+03 0.000000e+00 0.000000e+00
3.977250 -9.990000e+02 -7.431000e+104 9.555000e-01 8.419000e-02 2.623000e+02 8.213000e-01 2.896102e+03 0.000000e+00 0.000000e+00
4.127150 -9.990000e+02 -7.431000e+104 9.549000e-01 8.567000e-02 2.613000e+02 8.083000e-01 2.811671e+03 0.000000e+00 0.000000e+00
4.277040 2.264000e+01 4.933000e+01 1.131000e+00 9.986000e-02 2.604000e+02 7.955000e-01 3.202686e+03 0.000000e+00 0.000000e+00
4.426940 5.327000e+01 3.698000e+01 9.594000e-01 8.911000e-02 2.594000e+02 7.829000e-01 2.646629e+03 0.000000e+00 0.000000e+00
4.576830 1.472000e+01 5.878000e+01 9.965000e-01 9.369000e-02 2.584000e+02 7.704000e-01 2.671681e+03 0.000000e+00 0.000000e+00
4.726730 8.011000e+00 4.046000e+01 1.101000e+00 1.032000e-01 2.574000e+02 7.582000e-01 2.849554e+03 0.000000e+00 0.000000e+00
4.876630 -9.990000e+02 -7.431000e+104 1.000000e+00 1.312000e-02 2.565000e+02 7.462000e-01 2.521566e+03 0.000000e+00 0.000000e+00
5.026520 3.927000e+01 6.323000e+01 1.077000e+00 1.060000e-01 2.555000e+02 7.343000e-01 2.628399e+03 0.000000e+00 0.000000e+00
5.176420 -9.990000e+02 -7.431000e+104 1.127000e+00 1.126000e-01 2.545000e+02 7.224000e-01 2.653461e+03 0.000000e+00 0.000000e+00
5.326320 -9.990000e+02 -7.431000e+104 1.047000e+00 1.092000e-01 2.535000e+02 7.106000e-01 2.397817e+03 0.000000e+00 0.000000e+00
5.476210 -9.990000e+02 -7.431000e+104 1.178000e+00 1.227000e-01 2.526000e+02 6.990000e-01 2.594676e+03 0.000000e+00 0.000000e+00
5.626110 1.647000e+01 4.799000e+01 9.622000e-01 1.081000e-01 2.516000e+02 6.877000e-01 2.073695e+03 0.000000e+00 0.000000e+00
5.776000 8.689000e+01 8.633000e+01 1.212000e+00 1.318000e-01 2.506000e+02 6.765000e-01 2.502717e+03 0.000000e+00 0.000000e+00
5.925900 -9.990000e+02 -7.431000e+104 1.000000e+07 1.293000e+40 2.497000e+02 6.655000e-01 5.166673e+04 0.000000e+00 0.000000e+00
6.075800 1.967000e+01 1.078000e+02 1.000000e+07 2.587000e+40 2.487000e+02 6.545000e-01 3.249364e+03 0.000000e+00 0.000000e+00
6.225690 -9.990000e+02 -8.332000e+104 1.000000e+07 4.090000e+40 2.477000e+02 6.436000e-01 1.337372e+03 0.000000e+00 0.000000e+00
6.375590 -9.990000e+02 -7.431000e+104 1.000000e+07 5.784000e+40 2.467000e+02 6.329000e-01 1.199268e+03 0.000000e+00 0.000000e+00
6.525490 -9.990000e+02 -7.431000e+104 1.000000e+07 7.652000e+40 2.458000e+02 6.223000e-01 1.022082e+03 0.000000e+00 0.000000e+00
6.675380 -9.990000e+02 -7.431000e+104 1.000000e+07 9.679000e+40 2.448000e+02 6.119000e-01 1.626691e+03 0.000000e+00 0.000000e+00
6.825280 -9.990000e+02 -8.332000e+104 1.000000e+07 1.185000e+41 2.438000e+02 6.017000e-01 1.094855e+03 0.000000e+00 0.000000e+00
6.975170 -9.990000e+02 -8.332000e+104 1.000000e+07 1.417000e+41 2.429000e+02 5.917000e-01 1.070481e+03 0.000000e+00 0.000000e+00
7.125070 -9.990000e+02 -7.431000e+104 1.000000e+07 1.661000e+41 2.419000e+02 5.816000e-01 1.167760e+03 0.000000e+00 0.000000e+00
7.274970 -9.990000e+02 -8.332000e+104 1.000000e+07 1.918000e+41 2.409000e+02 5.716000e-01 1.164479e+03 0.000000e+00 0.000000e+00
7.424860 -9.990000e+02 -7.431000e+104 1.000000e+07 2.187000e+41 2.399000e+02 5.618000e-01 9.924120e+02 0.000000e+00 0.000000e+00
7.574760 1.115000e+103 4.208000e+204 1.000000e+07 2.468000e+41 2.389000e+02 5.522000e-01 1.032888e+03 0.000000e+00 0.000000e+00
7.724660 -9.990000e+02 -7.431000e+104 1.000000e+07 2.759000e+41 2.380000e+02 5.427000e-01 1.044334e+03 0.000000e+00 0.000000e+00
7.874550 1.833000e+01 5.090000e+02 1.000000e+07 3.061000e+41 2.370000e+02 5.334000e-01 1.147273e+03 0.000000e+00 0.000000e+00
8.024450 -9.990000e+02 -8.332000e+104 1.000000e+07 3.373000e+41 2.361000e+02 5.243000e-01 9.981665e+02 0.000000e+00 0.000000e+00
8.174340 -9.990000e+02 -8.332000e+104 1.000000e+07 3.695000e+41 2.351000e+02 5.150000e-01 1.035805e+03 0.000000e+00 0.000000e+00
8.324240 -9.990000e+02 -7.431000e+104 1.000000e+07 4.026000e+41 2.341000e+02 5.060000e-01 1.247398e+03 0.000000e+00 0.000000e+00
8.474140 1.914000e+02 4.303000e+02 1.000000e+07 4.367000e+41 2.331000e+02 4.971000e-01 1.364549e+03 0.000000e+00 0.000000e+00
8.624030 2.107000e+00 9.188000e+01 1.000000e+07 4.717000e+41 2.321000e+02 4.883000e-01 1.242573e+04 0.000000e+00 0.000000e+00
8.773930 -9.990000e+02 -7.431000e+104 1.000000e+07 5.076000e+41 2.312000e+02 4.797000e-01 2.091426e+04 0.000000e+00 0.000000e+00
8.923830 -9.990000e+02 -7.431000e+104 1.000000e+07 5.443000e+41 2.302000e+02 4.713000e-01 5.176644e+02 0.000000e+00 0.000000e+00
9.073720 -9.990000e+02 -7.431000e+104 1.000000e+07 5.819000e+41 2.292000e+02 4.629000e-01 5.763704e+02 0.000000e+00 0.000000e+00
9.223620 -9.990000e+02 -7.431000e+104 1.000000e+07 6.203000e+41 2.283000e+02 4.545000e-01 2.552427e+02 0.000000e+00 0.000000e+00
9.373510 -9.990000e+02 -8.332000e+104 1.000000e+07 6.595000e+41 2.273000e+02 4.463000e-01 4.832800e+02 0.000000e+00 0.000000e+00
9.523410 2.782000e+102 1.050000e+204 1.000000e+07 6.995000e+41 2.263000e+02 4.382000e-01 1.814025e+02 0.000000e+00 0.000000e+00
9.673310 2.780000e+102 1.049000e+204 1.000000e+07 7.403000e+41 2.253000e+02 4.303000e-01 4.678984e+02 0.000000e+00 0.000000e+00
9.823200 -9.990000e+02 -8.332000e+104 1.000000e+07 7.819000e+41 2.244000e+02 4.225000e-01 3.860080e+02 0.000000e+00 0.000000e+00
