2021/07/09 07:15:00-07:28:52 JST
fH2O= 62.19 /media/data/L0/Ko210709/07/Ko072800.(00-0d)25ns 24000/40bin dz149.90 7315 shot 0.300mrad wid=0 fnum:14 fnum_noise:0
Altitude(km) W[g/kg] dW[g/kg] R355 dR355 T[K] RO[gm^-3] PZ^2_355 Wsonde[g/kg] dWsonde[g/kg]
0.192370 1.926000e+01 4.581000e-01 1.135000e-01 5.186000e-02 2.869000e+02 1.202000e+00 2.626307e+03 0.000000e+00 0.000000e+00
0.267320 1.872000e+01 3.333000e-01 3.248000e-01 1.482000e-01 2.864000e+02 1.194000e+00 7.275007e+03 0.000000e+00 0.000000e+00
0.342270 1.898000e+01 3.039000e-01 6.481000e-01 2.956000e-01 2.859000e+02 1.185000e+00 1.414715e+04 0.000000e+00 0.000000e+00
0.417210 1.883000e+01 2.930000e-01 1.077000e+00 4.904000e-01 2.854000e+02 1.176000e+00 2.289088e+04 0.000000e+00 0.000000e+00
0.492160 1.832000e+01 2.969000e-01 1.866000e+00 8.450000e-01 2.849000e+02 1.168000e+00 3.732102e+04 0.000000e+00 0.000000e+00
0.567110 1.746000e+01 3.403000e-01 2.491000e+00 1.113000e+00 2.844000e+02 1.159000e+00 4.559923e+04 0.000000e+00 0.000000e+00
0.642060 1.767000e+01 4.055000e-01 2.349000e+00 1.039000e+00 2.840000e+02 1.151000e+00 3.966347e+04 0.000000e+00 0.000000e+00
0.717010 1.603000e+01 4.592000e-01 2.047000e+00 8.984000e-01 2.835000e+02 1.143000e+00 3.235210e+04 0.000000e+00 0.000000e+00
0.791960 1.682000e+01 5.524000e-01 2.438000e+00 1.057000e+00 2.830000e+02 1.134000e+00 3.545214e+04 0.000000e+00 0.000000e+00
0.866900 1.585000e+01 6.834000e-01 4.402000e+00 1.807000e+00 2.825000e+02 1.126000e+00 5.400425e+04 0.000000e+00 0.000000e+00
0.941850 1.524000e+01 9.311000e-01 7.099000e+00 2.416000e+00 2.820000e+02 1.118000e+00 6.527172e+04 0.000000e+00 0.000000e+00
1.016800 1.600000e+01 1.413000e+00 8.048000e+00 1.884000e+00 2.815000e+02 1.110000e+00 5.330471e+04 0.000000e+00 0.000000e+00
1.129220 1.584000e+01 1.766000e+00 5.349000e+00 4.388000e-01 2.808000e+02 1.098000e+00 2.472179e+04 0.000000e+00 0.000000e+00
1.279120 1.249000e+01 2.682000e+00 1.141000e+00 9.355000e-02 2.798000e+02 1.081000e+00 5.035497e+03 0.000000e+00 0.000000e+00
1.429010 7.986000e+00 3.677000e+00 8.836000e-01 7.273000e-02 2.788000e+02 1.065000e+00 3.769612e+03 0.000000e+00 0.000000e+00
1.578910 1.255000e+01 4.301000e+00 9.048000e-01 7.462000e-02 2.779000e+02 1.050000e+00 3.733046e+03 0.000000e+00 0.000000e+00
1.728810 9.648000e+00 6.134000e+00 8.742000e-01 7.227000e-02 2.769000e+02 1.034000e+00 3.489450e+03 0.000000e+00 0.000000e+00
1.878700 1.271000e+00 7.285000e+00 8.693000e-01 7.205000e-02 2.759000e+02 1.019000e+00 3.358375e+03 0.000000e+00 0.000000e+00
2.028600 3.666000e+00 7.186000e+00 8.973000e-01 7.463000e-02 2.750000e+02 1.004000e+00 3.355897e+03 0.000000e+00 0.000000e+00
2.178500 4.214000e-01 9.918000e+00 8.991000e-01 7.522000e-02 2.740000e+02 9.885000e-01 3.255931e+03 0.000000e+00 0.000000e+00
2.328390 1.784000e+01 1.188000e+01 9.094000e-01 7.658000e-02 2.730000e+02 9.735000e-01 3.189310e+03 0.000000e+00 0.000000e+00
2.478290 1.024000e+01 1.440000e+01 9.094000e-01 7.721000e-02 2.720000e+02 9.588000e-01 3.089851e+03 0.000000e+00 0.000000e+00
2.628180 1.678000e+01 1.328000e+01 8.945000e-01 7.669000e-02 2.711000e+02 9.443000e-01 2.945403e+03 0.000000e+00 0.000000e+00
2.778080 -9.990000e+02 -6.839000e+104 9.269000e-01 8.008000e-02 2.701000e+02 9.300000e-01 2.958508e+03 0.000000e+00 0.000000e+00
2.927980 1.841000e+01 2.172000e+01 9.495000e-01 8.283000e-02 2.691000e+02 9.159000e-01 2.938618e+03 0.000000e+00 0.000000e+00
3.077870 6.508000e+00 1.788000e+01 1.007000e+00 8.822000e-02 2.682000e+02 9.019000e-01 3.019493e+03 0.000000e+00 0.000000e+00
3.227770 -9.990000e+02 -6.839000e+104 9.656000e-01 8.614000e-02 2.672000e+02 8.879000e-01 2.809582e+03 0.000000e+00 0.000000e+00
3.377670 -9.990000e+02 -6.839000e+104 8.993000e-01 8.203000e-02 2.662000e+02 8.742000e-01 2.539791e+03 0.000000e+00 0.000000e+00
3.527560 3.909000e-01 2.975000e+01 8.902000e-01 8.249000e-02 2.652000e+02 8.607000e-01 2.440133e+03 0.000000e+00 0.000000e+00
3.677460 -9.990000e+02 -6.839000e+104 1.003000e+00 9.262000e-02 2.642000e+02 8.473000e-01 2.665458e+03 0.000000e+00 0.000000e+00
3.827350 -9.990000e+02 -6.839000e+104 9.218000e-01 8.771000e-02 2.633000e+02 8.342000e-01 2.381371e+03 0.000000e+00 0.000000e+00
3.977250 3.868000e+01 4.381000e+01 9.970000e-01 9.531000e-02 2.623000e+02 8.213000e-01 2.500322e+03 0.000000e+00 0.000000e+00
4.127150 3.756000e+01 4.844000e+01 9.933000e-01 9.676000e-02 2.613000e+02 8.083000e-01 2.419619e+03 0.000000e+00 0.000000e+00
4.277040 1.557000e+01 8.308000e+01 9.780000e-01 9.737000e-02 2.604000e+02 7.955000e-01 2.314839e+03 0.000000e+00 0.000000e+00
4.426940 2.394000e+01 4.791000e+01 1.090000e+00 1.080000e-01 2.594000e+02 7.829000e-01 2.489748e+03 0.000000e+00 0.000000e+00
4.576830 -9.990000e+02 -6.839000e+104 9.656000e-01 1.001000e-01 2.584000e+02 7.704000e-01 2.147705e+03 0.000000e+00 0.000000e+00
4.726730 -9.990000e+02 -6.839000e+104 1.076000e+00 1.110000e-01 2.574000e+02 7.582000e-01 2.313046e+03 0.000000e+00 0.000000e+00
4.876630 9.763000e+00 6.751000e+01 1.000000e+00 1.312000e-02 2.565000e+02 7.462000e-01 2.093293e+03 0.000000e+00 0.000000e+00
5.026520 -9.990000e+02 -6.839000e+104 1.086000e+00 1.170000e-01 2.555000e+02 7.343000e-01 2.198675e+03 0.000000e+00 0.000000e+00
5.176420 -9.990000e+02 -6.839000e+104 9.094000e-01 1.048000e-01 2.545000e+02 7.224000e-01 1.795650e+03 0.000000e+00 0.000000e+00
5.326320 4.065000e+01 8.210000e+01 1.086000e+00 1.227000e-01 2.535000e+02 7.106000e-01 2.071435e+03 0.000000e+00 0.000000e+00
5.476210 2.341000e+103 8.177000e+204 1.088000e+00 1.260000e-01 2.526000e+02 6.990000e-01 2.009663e+03 0.000000e+00 0.000000e+00
5.626110 3.808000e+01 1.195000e+02 9.751000e-01 1.190000e-01 2.516000e+02 6.877000e-01 1.757062e+03 0.000000e+00 0.000000e+00
5.776000 -9.990000e+02 -6.839000e+104 1.000000e+07 1.293000e+40 2.506000e+02 6.765000e-01 3.062286e+04 0.000000e+00 0.000000e+00
5.925900 -9.990000e+02 -6.839000e+104 1.000000e+07 2.587000e+40 2.497000e+02 6.655000e-01 1.256462e+04 0.000000e+00 0.000000e+00
6.075800 3.953000e+103 1.381000e+205 1.000000e+07 4.090000e+40 2.487000e+02 6.545000e-01 1.797949e+04 0.000000e+00 0.000000e+00
6.225690 -9.990000e+02 -6.839000e+104 1.000000e+07 5.784000e+40 2.477000e+02 6.436000e-01 4.458691e+03 0.000000e+00 0.000000e+00
6.375590 -9.990000e+02 -7.678000e+104 1.000000e+07 7.652000e+40 2.467000e+02 6.329000e-01 1.625408e+04 0.000000e+00 0.000000e+00
6.525490 -9.990000e+02 -6.839000e+104 1.000000e+07 9.679000e+40 2.458000e+02 6.223000e-01 4.897342e+02 0.000000e+00 0.000000e+00
6.675380 1.071000e+103 3.740000e+204 1.000000e+07 1.185000e+41 2.448000e+02 6.119000e-01 2.451011e+02 0.000000e+00 0.000000e+00
6.825280 9.233000e+01 3.236000e+02 1.000000e+07 1.417000e+41 2.438000e+02 6.017000e-01 1.863504e+02 0.000000e+00 0.000000e+00
6.975170 -9.990000e+02 -7.678000e+104 1.000000e+07 1.661000e+41 2.429000e+02 5.917000e-01 3.162675e+02 0.000000e+00 0.000000e+00
7.125070 5.512000e+02 4.804000e+03 1.000000e+07 1.918000e+41 2.419000e+02 5.816000e-01 2.538509e+02 0.000000e+00 0.000000e+00
7.274970 -9.990000e+02 -7.678000e+104 1.000000e+07 2.187000e+41 2.409000e+02 5.716000e-01 2.911092e+02 0.000000e+00 0.000000e+00
7.424860 -9.990000e+02 -7.678000e+104 1.000000e+07 2.468000e+41 2.399000e+02 5.618000e-01 4.686293e+02 0.000000e+00 0.000000e+00
7.574760 -9.990000e+02 -7.678000e+104 1.000000e+07 2.759000e+41 2.389000e+02 5.522000e-01 4.303602e+02 0.000000e+00 0.000000e+00
7.724660 -9.990000e+02 -7.678000e+104 1.000000e+07 3.061000e+41 2.380000e+02 5.427000e-01 2.685354e+02 0.000000e+00 0.000000e+00
7.874550 -9.990000e+02 -7.678000e+104 1.000000e+07 3.373000e+41 2.370000e+02 5.334000e-01 2.480512e+02 0.000000e+00 0.000000e+00
8.024450 -9.990000e+02 -6.839000e+104 1.000000e+07 3.695000e+41 2.361000e+02 5.243000e-01 3.219818e+02 0.000000e+00 0.000000e+00
8.174340 -9.990000e+02 -6.839000e+104 1.000000e+07 4.026000e+41 2.351000e+02 5.150000e-01 4.009485e+02 0.000000e+00 0.000000e+00
8.324240 -9.990000e+02 -7.678000e+104 1.000000e+07 4.367000e+41 2.341000e+02 5.060000e-01 6.236864e+02 0.000000e+00 0.000000e+00
8.474140 2.057000e+02 5.874000e+02 1.000000e+07 4.717000e+41 2.331000e+02 4.971000e-01 3.016523e+03 0.000000e+00 0.000000e+00
8.624030 1.395000e+02 3.950000e+02 1.000000e+07 5.076000e+41 2.321000e+02 4.883000e-01 3.347357e+03 0.000000e+00 0.000000e+00
8.773930 -9.990000e+02 -6.839000e+104 1.000000e+07 5.443000e+41 2.312000e+02 4.797000e-01 1.924673e+02 0.000000e+00 0.000000e+00
8.923830 -9.990000e+02 -6.839000e+104 1.000000e+07 5.819000e+41 2.302000e+02 4.713000e-01 3.185611e+02 0.000000e+00 0.000000e+00
9.073720 -9.990000e+02 -7.678000e+104 1.000000e+07 6.203000e+41 2.292000e+02 4.629000e-01 1.646755e+02 0.000000e+00 0.000000e+00
9.223620 3.074000e+103 1.074000e+205 1.000000e+07 6.595000e+41 2.283000e+02 4.545000e-01 1.276209e+02 0.000000e+00 0.000000e+00
9.373510 -9.990000e+02 -7.678000e+104 1.000000e+07 6.995000e+41 2.273000e+02 4.463000e-01 1.757368e+02 0.000000e+00 0.000000e+00
9.523410 -9.990000e+02 -7.678000e+104 1.000000e+07 7.403000e+41 2.263000e+02 4.382000e-01 1.360518e+02 0.000000e+00 0.000000e+00
9.673310 1.271000e+01 2.237000e+02 1.000000e+07 7.819000e+41 2.253000e+02 4.303000e-01 2.339479e+02 0.000000e+00 0.000000e+00
9.823200 6.610000e+02 5.721000e+03 1.000000e+07 8.241000e+41 2.244000e+02 4.225000e-01 1.930032e+02 0.000000e+00 0.000000e+00
