2021/07/10 22:00:03-22:14:02 JST
fH2O= 58.55 /mnt/d/data/Na210710/22/Na221302.(00-0d)25ns 24000/40bin dz149.90 8330 shot 1.000mrad wid=0 fnum:14 fnum_noise:0
Altitude(km) W[g/kg] dW[g/kg] R355 dR355 T[K] RO[gm^-3] PZ^2_355 Wsonde[g/kg] dWsonde[g/kg]
0.190370 1.718000e+01 2.288000e-01 2.092000e-01 1.617000e-02 2.869000e+02 1.203000e+00 3.514281e+03 0.000000e+00 0.000000e+00
0.265320 1.582000e+01 2.147000e-01 7.858000e-01 6.042000e-02 2.864000e+02 1.194000e+00 1.285795e+04 0.000000e+00 0.000000e+00
0.340270 1.547000e+01 2.200000e-01 3.462000e-01 2.543000e-02 2.859000e+02 1.185000e+00 5.539323e+03 0.000000e+00 0.000000e+00
0.415210 1.603000e+01 2.319000e-01 4.740000e-01 3.371000e-02 2.854000e+02 1.177000e+00 7.429161e+03 0.000000e+00 0.000000e+00
0.490160 1.491000e+01 2.328000e-01 5.770000e-01 4.016000e-02 2.849000e+02 1.168000e+00 8.868214e+03 0.000000e+00 0.000000e+00
0.565110 1.346000e+01 2.277000e-01 6.758000e-01 4.644000e-02 2.845000e+02 1.160000e+00 1.019238e+04 0.000000e+00 0.000000e+00
0.640060 1.306000e+01 2.424000e-01 7.690000e-01 5.252000e-02 2.840000e+02 1.151000e+00 1.138614e+04 0.000000e+00 0.000000e+00
0.715010 1.306000e+01 2.631000e-01 8.218000e-01 5.595000e-02 2.835000e+02 1.143000e+00 1.195034e+04 0.000000e+00 0.000000e+00
0.789960 1.266000e+01 2.778000e-01 8.541000e-01 5.804000e-02 2.830000e+02 1.135000e+00 1.220116e+04 0.000000e+00 0.000000e+00
0.864900 1.288000e+01 3.070000e-01 8.949000e-01 6.079000e-02 2.825000e+02 1.126000e+00 1.256026e+04 0.000000e+00 0.000000e+00
0.939850 1.280000e+01 3.309000e-01 9.212000e-01 6.259000e-02 2.820000e+02 1.118000e+00 1.270584e+04 0.000000e+00 0.000000e+00
1.014800 1.244000e+01 3.516000e-01 9.409000e-01 6.398000e-02 2.815000e+02 1.110000e+00 1.275428e+04 0.000000e+00 0.000000e+00
1.127220 1.167000e+01 2.653000e-01 9.355000e-01 4.756000e-02 2.808000e+02 1.098000e+00 1.249804e+04 0.000000e+00 0.000000e+00
1.277120 1.106000e+01 2.971000e-01 9.405000e-01 4.782000e-02 2.798000e+02 1.082000e+00 1.214353e+04 0.000000e+00 0.000000e+00
1.427010 1.089000e+01 3.317000e-01 9.482000e-01 4.828000e-02 2.788000e+02 1.066000e+00 1.183734e+04 0.000000e+00 0.000000e+00
1.576910 1.190000e+01 3.893000e-01 1.021000e+00 5.193000e-02 2.779000e+02 1.050000e+00 1.230549e+04 0.000000e+00 0.000000e+00
1.726810 1.089000e+01 4.167000e-01 1.123000e+00 5.639000e-02 2.769000e+02 1.034000e+00 1.296394e+04 0.000000e+00 0.000000e+00
1.876700 1.005000e+01 4.387000e-01 1.022000e+00 5.153000e-02 2.759000e+02 1.019000e+00 1.140120e+04 0.000000e+00 0.000000e+00
2.026600 9.075000e+00 4.655000e-01 9.996000e-01 5.075000e-02 2.750000e+02 1.004000e+00 1.079551e+04 0.000000e+00 0.000000e+00
2.176500 9.350000e+00 5.207000e-01 9.673000e-01 4.949000e-02 2.740000e+02 9.887000e-01 1.011353e+04 0.000000e+00 0.000000e+00
2.326390 9.491000e+00 5.746000e-01 9.996000e-01 5.146000e-02 2.730000e+02 9.737000e-01 1.012119e+04 0.000000e+00 0.000000e+00
2.476290 7.613000e+00 5.321000e-01 9.707000e-01 5.046000e-02 2.720000e+02 9.590000e-01 9.521336e+03 0.000000e+00 0.000000e+00
2.626180 7.916000e+00 5.885000e-01 9.762000e-01 5.118000e-02 2.711000e+02 9.445000e-01 9.277484e+03 0.000000e+00 0.000000e+00
2.776080 7.522000e+00 6.120000e-01 9.649000e-01 5.112000e-02 2.701000e+02 9.302000e-01 8.888423e+03 0.000000e+00 0.000000e+00
2.925980 6.250000e+00 5.962000e-01 9.887000e-01 5.285000e-02 2.691000e+02 9.161000e-01 8.830060e+03 0.000000e+00 0.000000e+00
3.075870 7.755000e+00 7.037000e-01 1.052000e+00 5.635000e-02 2.682000e+02 9.021000e-01 9.074350e+03 0.000000e+00 0.000000e+00
3.225770 6.715000e+00 6.998000e-01 1.012000e+00 5.497000e-02 2.672000e+02 8.881000e-01 8.461642e+03 0.000000e+00 0.000000e+00
3.375670 7.322000e+00 7.781000e-01 9.690000e-01 5.355000e-02 2.662000e+02 8.744000e-01 7.855307e+03 0.000000e+00 0.000000e+00
3.525560 7.229000e+00 8.637000e-01 1.053000e+00 5.824000e-02 2.652000e+02 8.608000e-01 8.250690e+03 0.000000e+00 0.000000e+00
3.675460 6.119000e+00 7.931000e-01 1.017000e+00 5.719000e-02 2.643000e+02 8.475000e-01 7.721663e+03 0.000000e+00 0.000000e+00
3.825350 7.639000e+00 1.017000e+00 9.733000e-01 5.597000e-02 2.633000e+02 8.344000e-01 7.176774e+03 0.000000e+00 0.000000e+00
3.975250 6.383000e+00 9.166000e-01 9.520000e-01 5.584000e-02 2.623000e+02 8.215000e-01 6.816366e+03 0.000000e+00 0.000000e+00
4.125150 5.634000e+00 8.716000e-01 1.010000e+00 5.958000e-02 2.613000e+02 8.085000e-01 7.016321e+03 0.000000e+00 0.000000e+00
4.275040 6.405000e+00 1.031000e+00 9.857000e-01 5.946000e-02 2.604000e+02 7.957000e-01 6.647850e+03 0.000000e+00 0.000000e+00
4.424940 5.811000e+00 1.018000e+00 9.705000e-01 5.983000e-02 2.594000e+02 7.830000e-01 6.357654e+03 0.000000e+00 0.000000e+00
4.574830 5.637000e+00 1.029000e+00 1.053000e+00 6.498000e-02 2.584000e+02 7.706000e-01 6.680424e+03 0.000000e+00 0.000000e+00
4.724730 4.400000e+00 1.021000e+00 9.928000e-01 6.326000e-02 2.574000e+02 7.584000e-01 6.119759e+03 0.000000e+00 0.000000e+00
4.874630 3.299000e+00 8.752000e-01 1.000000e+00 1.312000e-02 2.565000e+02 7.463000e-01 5.990972e+03 0.000000e+00 0.000000e+00
5.024520 1.346000e+00 6.550000e-01 1.016000e+00 6.727000e-02 2.555000e+02 7.345000e-01 5.910239e+03 0.000000e+00 0.000000e+00
5.174420 2.495000e-01 4.884000e-01 1.058000e+00 7.108000e-02 2.545000e+02 7.225000e-01 5.959981e+03 0.000000e+00 0.000000e+00
5.324320 4.771000e-01 5.094000e-01 1.029000e+00 7.130000e-02 2.536000e+02 7.108000e-01 5.629405e+03 0.000000e+00 0.000000e+00
5.474210 5.677000e-01 6.065000e-01 1.109000e+00 7.745000e-02 2.526000e+02 6.992000e-01 5.860858e+03 0.000000e+00 0.000000e+00
5.624110 1.223000e+00 7.799000e-01 1.039000e+00 7.563000e-02 2.516000e+02 6.878000e-01 5.331616e+03 0.000000e+00 0.000000e+00
5.774000 2.042000e+00 9.982000e-01 1.141000e+00 8.338000e-02 2.506000e+02 6.766000e-01 5.652955e+03 0.000000e+00 0.000000e+00
5.923900 2.094000e+00 1.154000e+00 1.043000e+00 8.008000e-02 2.497000e+02 6.656000e-01 5.019770e+03 0.000000e+00 0.000000e+00
6.073800 3.521000e-01 6.895000e-01 1.144000e+00 8.805000e-02 2.487000e+02 6.547000e-01 5.313940e+03 0.000000e+00 0.000000e+00
6.223690 -9.990000e+02 -1.482000e+103 1.056000e+00 8.535000e-02 2.477000e+02 6.437000e-01 4.765610e+03 0.000000e+00 0.000000e+00
6.373590 -9.990000e+02 -1.482000e+103 1.038000e+00 8.647000e-02 2.467000e+02 6.330000e-01 4.550883e+03 0.000000e+00 0.000000e+00
6.523490 -9.990000e+02 -1.482000e+103 1.108000e+00 9.299000e-02 2.458000e+02 6.224000e-01 4.703602e+03 0.000000e+00 0.000000e+00
6.673380 1.539000e+00 1.208000e+00 9.792000e-01 8.749000e-02 2.448000e+02 6.121000e-01 4.053469e+03 0.000000e+00 0.000000e+00
6.823280 1.792000e+00 1.409000e+00 1.086000e+00 9.632000e-02 2.438000e+02 6.018000e-01 4.354053e+03 0.000000e+00 0.000000e+00
6.973170 4.957000e-01 9.710000e-01 1.027000e+00 9.517000e-02 2.429000e+02 5.918000e-01 4.012379e+03 0.000000e+00 0.000000e+00
7.123070 2.991000e+00 1.658000e+00 9.454000e-01 9.232000e-02 2.419000e+02 5.817000e-01 3.603061e+03 0.000000e+00 0.000000e+00
7.272970 -9.990000e+02 -1.482000e+103 1.284000e+00 1.170000e-01 2.409000e+02 5.717000e-01 4.682299e+03 0.000000e+00 0.000000e+00
7.422860 -9.990000e+02 -1.482000e+103 1.086000e+00 1.075000e-01 2.399000e+02 5.620000e-01 3.857614e+03 0.000000e+00 0.000000e+00
7.572760 1.269000e+00 1.359000e+00 1.045000e+00 1.074000e-01 2.390000e+02 5.523000e-01 3.613450e+03 0.000000e+00 0.000000e+00
7.722660 -9.990000e+02 -1.482000e+103 1.112000e+00 1.149000e-01 2.380000e+02 5.429000e-01 3.728093e+03 0.000000e+00 0.000000e+00
7.872550 7.534000e-01 1.477000e+00 9.735000e-01 1.080000e-01 2.370000e+02 5.336000e-01 3.192294e+03 0.000000e+00 0.000000e+00
8.022450 -9.990000e+02 -1.482000e+103 1.170000e+00 1.249000e-01 2.361000e+02 5.244000e-01 3.701272e+03 0.000000e+00 0.000000e+00
8.172340 -9.990000e+02 -1.482000e+103 1.050000e+00 1.195000e-01 2.351000e+02 5.152000e-01 3.239643e+03 0.000000e+00 0.000000e+00
8.322240 -9.990000e+02 -1.482000e+103 1.123000e+00 1.280000e-01 2.341000e+02 5.061000e-01 3.359578e+03 0.000000e+00 0.000000e+00
8.472140 1.074000e+00 2.108000e+00 9.671000e-01 1.193000e-01 2.331000e+02 4.972000e-01 2.835562e+03 0.000000e+00 0.000000e+00
8.622030 -9.990000e+02 -1.482000e+103 1.043000e+00 1.282000e-01 2.322000e+02 4.884000e-01 2.973961e+03 0.000000e+00 0.000000e+00
8.771930 1.097000e+00 2.152000e+00 1.128000e+00 1.381000e-01 2.312000e+02 4.798000e-01 3.116750e+03 0.000000e+00 0.000000e+00
8.921830 -9.990000e+02 -1.482000e+103 1.304000e+00 1.559000e-01 2.302000e+02 4.714000e-01 3.463029e+03 0.000000e+00 0.000000e+00
9.071720 -9.990000e+02 -1.482000e+103 8.754000e-01 1.244000e-01 2.293000e+02 4.630000e-01 2.304542e+03 0.000000e+00 0.000000e+00
9.221620 -9.990000e+02 -1.482000e+103 1.034000e+00 1.412000e-01 2.283000e+02 4.546000e-01 2.636488e+03 0.000000e+00 0.000000e+00
9.371510 1.363000e+00 2.678000e+00 1.197000e+00 1.587000e-01 2.273000e+02 4.464000e-01 2.942494e+03 0.000000e+00 0.000000e+00
9.521410 2.114000e+00 4.162000e+00 8.934000e-01 1.354000e-01 2.263000e+02 4.383000e-01 2.175997e+03 0.000000e+00 0.000000e+00
9.671310 1.874000e+00 3.688000e+00 1.182000e+00 1.652000e-01 2.254000e+02 4.304000e-01 2.759569e+03 0.000000e+00 0.000000e+00
9.821200 1.873000e+00 3.686000e+00 9.179000e-01 1.444000e-01 2.244000e+02 4.226000e-01 2.122242e+03 0.000000e+00 0.000000e+00
