2021/07/10 08:15:16-08:29:14 JST
fH2O= 58.55 /mnt/d/data/Na210710/08/Na082814.(00-0d)25ns 24000/40bin dz149.90 8330 shot 1.000mrad wid=0 fnum:14 fnum_noise:0
Altitude(km) W[g/kg] dW[g/kg] R355 dR355 T[K] RO[gm^-3] PZ^2_355 Wsonde[g/kg] dWsonde[g/kg]
0.190370 1.843000e+01 6.274000e-01 1.000000e+07 3.234000e+39 2.869000e+02 1.203000e+00 5.696297e+03 0.000000e+00 0.000000e+00
0.265320 1.718000e+01 7.699000e-01 1.000000e+07 5.113000e+39 2.864000e+02 1.194000e+00 4.694166e+03 0.000000e+00 0.000000e+00
0.340270 1.597000e+01 9.439000e-01 1.000000e+07 7.230000e+39 2.859000e+02 1.185000e+00 4.737829e+03 0.000000e+00 0.000000e+00
0.415210 1.517000e+01 1.157000e+00 1.000000e+07 9.565000e+39 2.854000e+02 1.177000e+00 4.717293e+03 0.000000e+00 0.000000e+00
0.490160 1.678000e+01 1.398000e+00 1.000000e+07 1.210000e+40 2.849000e+02 1.168000e+00 3.895114e+03 0.000000e+00 0.000000e+00
0.565110 1.448000e+01 1.449000e+00 1.000000e+07 1.482000e+40 2.845000e+02 1.160000e+00 4.168748e+03 0.000000e+00 0.000000e+00
0.640060 1.199000e+01 1.765000e+00 1.000000e+07 1.771000e+40 2.840000e+02 1.151000e+00 4.474707e+03 0.000000e+00 0.000000e+00
0.715010 1.465000e+01 2.192000e+00 1.000000e+07 2.077000e+40 2.835000e+02 1.143000e+00 4.713612e+03 0.000000e+00 0.000000e+00
0.789960 1.380000e+01 2.680000e+00 1.000000e+07 2.398000e+40 2.830000e+02 1.135000e+00 5.196105e+03 0.000000e+00 0.000000e+00
0.864900 1.695000e+01 3.207000e+00 1.000000e+07 2.734000e+40 2.825000e+02 1.126000e+00 5.026724e+03 0.000000e+00 0.000000e+00
0.939850 9.121000e+00 3.468000e+00 1.000000e+07 3.085000e+40 2.820000e+02 1.118000e+00 5.338914e+03 0.000000e+00 0.000000e+00
1.014800 8.401000e+00 4.183000e+00 1.000000e+07 3.449000e+40 2.815000e+02 1.110000e+00 5.552274e+03 0.000000e+00 0.000000e+00
1.127220 1.139000e+01 3.689000e+00 1.000000e+07 1.185000e+41 2.808000e+02 1.098000e+00 5.929280e+03 0.000000e+00 0.000000e+00
1.277120 1.612000e+01 5.181000e+00 1.000000e+07 1.417000e+41 2.798000e+02 1.082000e+00 6.134135e+03 0.000000e+00 0.000000e+00
1.427010 1.421000e+01 6.502000e+00 1.000000e+07 1.661000e+41 2.788000e+02 1.066000e+00 6.180195e+03 0.000000e+00 0.000000e+00
1.576910 1.635000e+01 8.518000e+00 1.000000e+07 1.918000e+41 2.779000e+02 1.050000e+00 6.263866e+03 0.000000e+00 0.000000e+00
1.726810 -9.990000e+02 -9.990000e+11 1.000000e+07 2.187000e+41 2.769000e+02 1.034000e+00 6.579388e+03 0.000000e+00 0.000000e+00
1.876700 9.578000e+00 1.594000e+01 1.000000e+07 2.468000e+41 2.759000e+02 1.019000e+00 7.127233e+03 0.000000e+00 0.000000e+00
2.026600 -9.990000e+02 -6.590000e+104 1.000000e+07 2.759000e+41 2.750000e+02 1.004000e+00 7.806795e+03 0.000000e+00 0.000000e+00
2.176500 -9.990000e+02 -9.990000e+11 1.000000e+07 3.061000e+41 2.740000e+02 9.887000e-01 9.851077e+03 0.000000e+00 0.000000e+00
2.326390 -9.990000e+02 -6.590000e+104 1.000000e+07 3.373000e+41 2.730000e+02 9.737000e-01 2.198390e+04 0.000000e+00 0.000000e+00
2.476290 -9.990000e+02 -9.990000e+11 1.000000e+07 3.695000e+41 2.720000e+02 9.590000e-01 7.762026e+03 0.000000e+00 0.000000e+00
2.626180 -9.990000e+02 -9.990000e+11 1.000000e+07 4.026000e+41 2.711000e+02 9.445000e-01 2.229021e+03 0.000000e+00 0.000000e+00
2.776080 -9.990000e+02 -9.990000e+11 1.000000e+07 4.367000e+41 2.701000e+02 9.302000e-01 2.062572e+03 0.000000e+00 0.000000e+00
2.925980 -9.990000e+02 -9.990000e+11 1.000000e+07 4.717000e+41 2.691000e+02 9.161000e-01 1.627271e+03 0.000000e+00 0.000000e+00
3.075870 1.219000e+02 6.331000e+02 1.000000e+07 5.076000e+41 2.682000e+02 9.021000e-01 3.784603e+01 0.000000e+00 0.000000e+00
3.225770 1.825000e+103 5.581000e+204 1.000000e+07 5.443000e+41 2.672000e+02 8.881000e-01 1.040613e+01 0.000000e+00 0.000000e+00
3.375670 3.600000e+01 1.384000e+02 1.000000e+07 5.819000e+41 2.662000e+02 8.744000e-01 1.709363e+01 0.000000e+00 0.000000e+00
3.525560 7.926000e+01 1.066000e+02 1.000000e+07 6.203000e+41 2.652000e+02 8.608000e-01 2.486051e+01 0.000000e+00 0.000000e+00
3.675460 1.650000e+02 5.100000e+02 1.000000e+07 6.595000e+41 2.643000e+02 8.475000e-01 6.754861e+00 0.000000e+00 0.000000e+00
3.825350 4.325000e+103 1.323000e+205 1.000000e+07 6.995000e+41 2.633000e+02 8.344000e-01 3.658534e+01 0.000000e+00 0.000000e+00
3.975250 -9.990000e+02 -6.590000e+104 1.000000e+07 7.403000e+41 2.623000e+02 8.215000e-01 1.580348e+01 0.000000e+00 0.000000e+00
4.125150 1.530000e+103 4.680000e+204 1.000000e+07 7.819000e+41 2.613000e+02 8.085000e-01 8.508896e+00 0.000000e+00 0.000000e+00
4.275040 1.849000e+02 3.716000e+02 1.000000e+07 8.241000e+41 2.604000e+02 7.957000e-01 1.827698e+01 0.000000e+00 0.000000e+00
4.424940 -9.990000e+02 -7.264000e+104 1.000000e+07 8.672000e+41 2.594000e+02 7.830000e-01 0.000000e+00 0.000000e+00 0.000000e+00
4.574830 2.629000e+03 5.752000e+04 1.000000e+07 9.109000e+41 2.584000e+02 7.706000e-01 3.139541e+01 0.000000e+00 0.000000e+00
4.724730 -9.990000e+02 -6.590000e+104 1.000000e+07 9.554000e+41 2.574000e+02 7.584000e-01 3.348655e+01 0.000000e+00 0.000000e+00
4.874630 9.766000e+01 1.490000e+02 1.000000e+07 1.001000e+42 2.565000e+02 7.463000e-01 2.376338e+01 0.000000e+00 0.000000e+00
5.024520 5.633000e+02 7.351000e+03 1.000000e+07 1.046000e+42 2.555000e+02 7.345000e-01 2.524725e+01 0.000000e+00 0.000000e+00
5.174420 1.964000e+02 3.498000e+02 1.000000e+07 1.093000e+42 2.545000e+02 7.225000e-01 2.677617e+01 0.000000e+00 0.000000e+00
5.324320 1.463000e+103 4.476000e+204 1.000000e+07 1.140000e+42 2.536000e+02 7.108000e-01 4.252509e+01 0.000000e+00 0.000000e+00
5.474210 -9.990000e+02 -6.590000e+104 1.000000e+07 1.188000e+42 2.526000e+02 6.992000e-01 5.993757e+01 0.000000e+00 0.000000e+00
5.624110 7.652000e+01 2.861000e+02 1.000000e+07 1.236000e+42 2.516000e+02 6.878000e-01 3.163247e+01 0.000000e+00 0.000000e+00
5.774000 -9.990000e+02 -6.590000e+104 1.000000e+07 1.286000e+42 2.506000e+02 6.766000e-01 5.001162e+01 0.000000e+00 0.000000e+00
5.923900 1.999000e+01 7.475000e+01 1.000000e+07 1.335000e+42 2.497000e+02 6.656000e-01 3.509467e+01 0.000000e+00 0.000000e+00
6.073800 5.113000e+01 8.207000e+01 1.000000e+07 1.386000e+42 2.487000e+02 6.547000e-01 5.533992e+01 0.000000e+00 0.000000e+00
6.223690 -9.990000e+02 -7.264000e+104 1.000000e+07 1.437000e+42 2.477000e+02 6.437000e-01 3.873662e+01 0.000000e+00 0.000000e+00
6.373590 3.893000e+00 1.351000e+02 1.000000e+07 1.489000e+42 2.467000e+02 6.330000e-01 4.062508e+01 0.000000e+00 0.000000e+00
6.523490 1.263000e+02 2.642000e+02 1.000000e+07 1.541000e+42 2.458000e+02 6.224000e-01 6.383778e+01 0.000000e+00 0.000000e+00
6.673380 1.903000e+103 5.820000e+204 1.000000e+07 1.594000e+42 2.448000e+02 6.121000e-01 1.113420e+02 0.000000e+00 0.000000e+00
6.823280 3.477000e+02 9.135000e+02 1.000000e+07 1.647000e+42 2.438000e+02 6.018000e-01 4.655996e+01 0.000000e+00 0.000000e+00
6.973170 5.271000e+01 1.592000e+02 1.000000e+07 1.701000e+42 2.429000e+02 5.918000e-01 4.862804e+01 0.000000e+00 0.000000e+00
7.123070 2.404000e+01 2.046000e+02 1.000000e+07 1.756000e+42 2.419000e+02 5.817000e-01 1.014826e+02 0.000000e+00 0.000000e+00
7.272970 -9.990000e+02 -7.264000e+104 1.000000e+07 1.811000e+42 2.409000e+02 5.717000e-01 1.322487e+02 0.000000e+00 0.000000e+00
7.422860 2.522000e+02 8.259000e+02 1.000000e+07 1.867000e+42 2.399000e+02 5.620000e-01 5.510221e+01 0.000000e+00 0.000000e+00
7.572760 -9.990000e+02 -6.590000e+104 1.000000e+07 1.923000e+42 2.390000e+02 5.523000e-01 1.147006e+02 0.000000e+00 0.000000e+00
7.722660 -9.990000e+02 -7.264000e+104 1.000000e+07 1.980000e+42 2.380000e+02 5.429000e-01 2.982155e+01 0.000000e+00 0.000000e+00
7.872550 -9.990000e+02 -6.590000e+104 1.000000e+07 2.037000e+42 2.370000e+02 5.336000e-01 1.239619e+02 0.000000e+00 0.000000e+00
8.022450 5.946000e+02 4.225000e+03 1.000000e+07 2.095000e+42 2.361000e+02 5.244000e-01 6.436366e+01 0.000000e+00 0.000000e+00
8.172340 9.968000e+01 2.609000e+02 1.000000e+07 2.153000e+42 2.351000e+02 5.152000e-01 6.679126e+01 0.000000e+00 0.000000e+00
8.322240 -9.990000e+02 -6.590000e+104 1.000000e+07 2.212000e+42 2.341000e+02 5.061000e-01 6.926395e+01 0.000000e+00 0.000000e+00
8.472140 5.050000e+02 3.615000e+03 1.000000e+07 2.272000e+42 2.331000e+02 4.972000e-01 7.178159e+01 0.000000e+00 0.000000e+00
8.622030 7.720000e+02 4.436000e+03 1.000000e+07 2.332000e+42 2.322000e+02 4.884000e-01 1.486883e+02 0.000000e+00 0.000000e+00
8.771930 5.675000e+02 1.241000e+03 1.000000e+07 2.393000e+42 2.312000e+02 4.798000e-01 7.695153e+01 0.000000e+00 0.000000e+00
8.921830 1.270000e+02 7.232000e+02 1.000000e+07 2.454000e+42 2.302000e+02 4.714000e-01 7.960400e+01 0.000000e+00 0.000000e+00
9.071720 1.496000e+103 4.575000e+204 1.000000e+07 2.515000e+42 2.293000e+02 4.630000e-01 1.234520e+02 0.000000e+00 0.000000e+00
9.221620 -9.990000e+02 -6.590000e+104 1.000000e+07 2.577000e+42 2.283000e+02 4.546000e-01 1.700875e+02 0.000000e+00 0.000000e+00
9.371510 -9.990000e+02 -7.264000e+104 1.000000e+07 2.640000e+42 2.273000e+02 4.464000e-01 1.756617e+02 0.000000e+00 0.000000e+00
9.521410 1.520000e+01 6.785000e+01 1.000000e+07 2.703000e+42 2.263000e+02 4.383000e-01 9.066292e+01 0.000000e+00 0.000000e+00
9.671310 5.670000e+01 1.813000e+02 1.000000e+07 2.767000e+42 2.254000e+02 4.304000e-01 4.677002e+01 0.000000e+00 0.000000e+00
9.821200 2.379000e+103 7.278000e+204 1.000000e+07 2.831000e+42 2.244000e+02 4.226000e-01 0.000000e+00 0.000000e+00 0.000000e+00
