2021/07/10 08:30:14-08:44:13 JST
fH2O= 58.55 /mnt/d/data/Na210710/08/Na084313.(00-0d)25ns 24000/40bin dz149.90 8330 shot 1.000mrad wid=0 fnum:14 fnum_noise:0
Altitude(km) W[g/kg] dW[g/kg] R355 dR355 T[K] RO[gm^-3] PZ^2_355 Wsonde[g/kg] dWsonde[g/kg]
0.190370 1.794000e+01 5.682000e-01 -9.990000e+02 -5.420000e+02 2.869000e+02 1.203000e+00 8.586698e+03 0.000000e+00 0.000000e+00
0.265320 1.674000e+01 8.931000e-01 -9.990000e+02 -5.420000e+02 2.864000e+02 1.194000e+00 9.221145e+03 0.000000e+00 0.000000e+00
0.340270 1.769000e+01 1.551000e+00 -9.990000e+02 -5.421000e+02 2.859000e+02 1.185000e+00 5.087799e+03 0.000000e+00 0.000000e+00
0.415210 1.134000e+01 1.951000e+00 -9.990000e+02 -5.421000e+02 2.854000e+02 1.177000e+00 2.549946e+03 0.000000e+00 0.000000e+00
0.490160 1.418000e+01 2.370000e+00 -9.990000e+02 -5.421000e+02 2.849000e+02 1.168000e+00 2.711982e+03 0.000000e+00 0.000000e+00
0.565110 1.553000e+01 2.763000e+00 -9.990000e+02 -5.421000e+02 2.845000e+02 1.160000e+00 3.095072e+03 0.000000e+00 0.000000e+00
0.640060 1.465000e+01 3.401000e+00 -9.990000e+02 -5.422000e+02 2.840000e+02 1.151000e+00 3.360167e+03 0.000000e+00 0.000000e+00
0.715010 1.036000e+01 4.001000e+00 -9.990000e+02 -5.422000e+02 2.835000e+02 1.143000e+00 3.444250e+03 0.000000e+00 0.000000e+00
0.789960 1.068000e+01 4.671000e+00 -9.990000e+02 -5.422000e+02 2.830000e+02 1.135000e+00 3.853304e+03 0.000000e+00 0.000000e+00
0.864900 9.961000e+00 5.507000e+00 -9.990000e+02 -5.422000e+02 2.825000e+02 1.126000e+00 4.209947e+03 0.000000e+00 0.000000e+00
0.939850 6.817000e+00 6.393000e+00 -9.990000e+02 -5.422000e+02 2.820000e+02 1.118000e+00 4.618463e+03 0.000000e+00 0.000000e+00
1.014800 1.828000e+01 7.493000e+00 -9.990000e+02 -5.422000e+02 2.815000e+02 1.110000e+00 5.127709e+03 0.000000e+00 0.000000e+00
1.127220 1.720000e+01 7.019000e+00 -9.990000e+02 -4.264000e+02 2.808000e+02 1.098000e+00 5.365442e+03 0.000000e+00 0.000000e+00
1.277120 2.104000e+01 1.042000e+01 -9.990000e+02 -4.265000e+02 2.798000e+02 1.082000e+00 5.793047e+03 0.000000e+00 0.000000e+00
1.427010 8.820000e+00 1.256000e+01 -9.990000e+02 -4.265000e+02 2.788000e+02 1.066000e+00 6.141098e+03 0.000000e+00 0.000000e+00
1.576910 1.596000e+01 1.402000e+01 -9.990000e+02 -4.265000e+02 2.779000e+02 1.050000e+00 6.355430e+03 0.000000e+00 0.000000e+00
1.726810 -9.990000e+02 -9.990000e+11 -9.990000e+02 -4.266000e+02 2.769000e+02 1.034000e+00 6.747672e+03 0.000000e+00 0.000000e+00
1.876700 -9.990000e+02 -9.990000e+11 -9.990000e+02 -4.266000e+02 2.759000e+02 1.019000e+00 6.836435e+03 0.000000e+00 0.000000e+00
2.026600 2.079000e+01 6.001000e+01 -9.990000e+02 -4.266000e+02 2.750000e+02 1.004000e+00 7.238463e+03 0.000000e+00 0.000000e+00
2.176500 1.049000e+01 5.650000e+01 -9.990000e+02 -4.265000e+02 2.740000e+02 9.887000e-01 1.108267e+04 0.000000e+00 0.000000e+00
2.326390 -9.990000e+02 -8.461000e+104 -9.990000e+02 -4.271000e+02 2.730000e+02 9.737000e-01 4.012964e+03 0.000000e+00 0.000000e+00
2.476290 -9.990000e+02 -9.990000e+11 -9.990000e+02 -4.275000e+02 2.720000e+02 9.590000e-01 3.038082e+03 0.000000e+00 0.000000e+00
2.626180 -9.990000e+02 -9.990000e+11 -9.990000e+02 -4.277000e+02 2.711000e+02 9.445000e-01 2.829833e+03 0.000000e+00 0.000000e+00
2.776080 -9.990000e+02 -8.461000e+104 -9.990000e+02 -4.279000e+02 2.701000e+02 9.302000e-01 2.880418e+03 0.000000e+00 0.000000e+00
2.925980 -9.990000e+02 -9.990000e+11 -9.990000e+02 -4.333000e+02 2.691000e+02 9.161000e-01 6.936007e+02 0.000000e+00 0.000000e+00
3.075870 9.376000e+01 1.548000e+02 -9.990000e+02 -4.446000e+02 2.682000e+02 9.021000e-01 2.838580e+02 0.000000e+00 0.000000e+00
3.225770 7.716000e+01 8.657000e+01 -9.990000e+02 -4.750000e+02 2.672000e+02 8.881000e-01 1.040629e+02 0.000000e+00 0.000000e+00
3.375670 2.919000e+01 1.116000e+02 -9.990000e+02 -4.730000e+02 2.662000e+02 8.744000e-01 1.196573e+02 0.000000e+00 0.000000e+00
3.525560 1.723000e+02 1.499000e+03 -9.990000e+02 -5.099000e+02 2.652000e+02 8.608000e-01 6.215162e+01 0.000000e+00 0.000000e+00
3.675460 -9.990000e+02 -8.461000e+104 -9.990000e+02 -5.330000e+02 2.643000e+02 8.475000e-01 4.728427e+01 0.000000e+00 0.000000e+00
3.825350 9.603000e+01 1.354000e+02 -9.990000e+02 -5.741000e+02 2.633000e+02 8.344000e-01 2.926825e+01 0.000000e+00 0.000000e+00
3.975250 -9.990000e+02 -8.461000e+104 -9.990000e+02 -5.164000e+02 2.623000e+02 8.215000e-01 7.111609e+01 0.000000e+00 0.000000e+00
4.125150 9.326000e+01 1.431000e+02 -9.990000e+02 -5.961000e+02 2.613000e+02 8.085000e-01 2.552673e+01 0.000000e+00 0.000000e+00
4.275040 -9.990000e+02 -9.326000e+104 -9.990000e+02 -6.026000e+02 2.604000e+02 7.957000e-01 1.827698e+01 0.000000e+00 0.000000e+00
4.424940 -9.990000e+02 -9.326000e+104 -9.990000e+02 -6.026000e+02 2.594000e+02 7.830000e-01 1.958119e+01 0.000000e+00 0.000000e+00
4.574830 2.488000e+01 5.722000e+02 -9.990000e+02 -5.961000e+02 2.584000e+02 7.706000e-01 3.139541e+01 0.000000e+00 0.000000e+00
4.724730 6.171000e+02 9.688000e+03 -9.990000e+02 -6.026000e+02 2.574000e+02 7.584000e-01 1.116217e+01 0.000000e+00 0.000000e+00
4.874630 -9.990000e+02 -8.461000e+104 -9.990000e+02 -1.311000e+01 2.565000e+02 7.463000e-01 1.188168e+01 0.000000e+00 0.000000e+00
5.024520 -9.990000e+02 -8.461000e+104 -9.990000e+02 -5.741000e+02 2.555000e+02 7.345000e-01 5.049461e+01 0.000000e+00 0.000000e+00
5.174420 -9.990000e+02 -8.461000e+104 -9.990000e+02 -5.572000e+02 2.545000e+02 7.225000e-01 6.694062e+01 0.000000e+00 0.000000e+00
5.324320 -9.990000e+02 -9.326000e+104 -9.990000e+02 -5.439000e+02 2.536000e+02 7.108000e-01 8.505040e+01 0.000000e+00 0.000000e+00
5.474210 5.046000e+01 9.517000e+01 -9.990000e+02 -5.572000e+02 2.526000e+02 6.992000e-01 7.492203e+01 0.000000e+00 0.000000e+00
5.624110 2.162000e+02 3.695000e+02 -9.990000e+02 -6.026000e+02 2.516000e+02 6.878000e-01 1.581623e+01 0.000000e+00 0.000000e+00
5.774000 -9.990000e+02 -9.326000e+104 -9.990000e+02 -6.026000e+02 2.506000e+02 6.766000e-01 1.667051e+01 0.000000e+00 0.000000e+00
5.923900 -9.990000e+02 -8.461000e+104 -9.990000e+02 -5.961000e+02 2.497000e+02 6.656000e-01 5.264206e+01 0.000000e+00 0.000000e+00
6.073800 -9.990000e+02 -8.461000e+104 -9.990000e+02 -5.961000e+02 2.487000e+02 6.547000e-01 5.533992e+01 0.000000e+00 0.000000e+00
6.223690 3.891000e+01 1.752000e+02 -9.990000e+02 -6.026000e+02 2.477000e+02 6.437000e-01 0.000000e+00 0.000000e+00 0.000000e+00
6.373590 -9.990000e+02 -8.461000e+104 -9.990000e+02 -6.026000e+02 2.467000e+02 6.330000e-01 4.062508e+01 0.000000e+00 0.000000e+00
6.523490 2.374000e+02 4.291000e+02 -9.990000e+02 -5.741000e+02 2.458000e+02 6.224000e-01 8.511712e+01 0.000000e+00 0.000000e+00
6.673380 -9.990000e+02 -8.461000e+104 -9.990000e+02 -5.741000e+02 2.448000e+02 6.121000e-01 8.907353e+01 0.000000e+00 0.000000e+00
6.823280 -9.990000e+02 -9.326000e+104 -9.990000e+02 -6.026000e+02 2.438000e+02 6.018000e-01 0.000000e+00 0.000000e+00 0.000000e+00
6.973170 4.269000e+01 6.657000e+02 -9.990000e+02 -6.026000e+02 2.429000e+02 5.918000e-01 4.862804e+01 0.000000e+00 0.000000e+00
7.123070 -9.990000e+02 -8.461000e+104 -9.990000e+02 -5.439000e+02 2.419000e+02 5.817000e-01 1.522242e+02 0.000000e+00 0.000000e+00
7.272970 -9.990000e+02 -9.326000e+104 -9.990000e+02 -6.026000e+02 2.409000e+02 5.717000e-01 2.644964e+01 0.000000e+00 0.000000e+00
7.422860 -9.990000e+02 -9.326000e+104 -9.990000e+02 -6.026000e+02 2.399000e+02 5.620000e-01 2.755109e+01 0.000000e+00 0.000000e+00
7.572760 9.480000e+01 3.437000e+02 -9.990000e+02 -6.026000e+02 2.390000e+02 5.523000e-01 0.000000e+00 0.000000e+00 0.000000e+00
7.722660 7.691000e+102 3.020000e+204 -9.990000e+02 -6.026000e+02 2.380000e+02 5.429000e-01 2.982155e+01 0.000000e+00 0.000000e+00
7.872550 -9.990000e+02 -9.326000e+104 -9.990000e+02 -6.026000e+02 2.370000e+02 5.336000e-01 0.000000e+00 0.000000e+00 0.000000e+00
8.022450 -9.990000e+02 -8.461000e+104 -9.990000e+02 -6.026000e+02 2.361000e+02 5.244000e-01 3.218181e+01 0.000000e+00 0.000000e+00
8.172340 -9.990000e+02 -8.461000e+104 -9.990000e+02 -5.961000e+02 2.351000e+02 5.152000e-01 1.001870e+02 0.000000e+00 0.000000e+00
8.322240 -9.990000e+02 -8.461000e+104 -9.990000e+02 -6.026000e+02 2.341000e+02 5.061000e-01 6.926395e+01 0.000000e+00 0.000000e+00
8.472140 1.162000e+01 9.180000e+01 -9.990000e+02 -6.026000e+02 2.331000e+02 4.972000e-01 7.178159e+01 0.000000e+00 0.000000e+00
8.622030 -9.990000e+02 -9.326000e+104 -9.990000e+02 -5.741000e+02 2.322000e+02 4.884000e-01 1.486883e+02 0.000000e+00 0.000000e+00
8.771930 -9.990000e+02 -8.461000e+104 -9.990000e+02 -5.741000e+02 2.312000e+02 4.798000e-01 1.539034e+02 0.000000e+00 0.000000e+00
8.921830 -9.990000e+02 -8.461000e+104 -9.990000e+02 -5.961000e+02 2.302000e+02 4.714000e-01 1.194061e+02 0.000000e+00 0.000000e+00
9.071720 -9.990000e+02 -8.461000e+104 -9.990000e+02 -5.961000e+02 2.293000e+02 4.630000e-01 1.234520e+02 0.000000e+00 0.000000e+00
9.221620 1.117000e+01 1.224000e+02 -9.990000e+02 -5.741000e+02 2.283000e+02 4.546000e-01 1.700875e+02 0.000000e+00 0.000000e+00
9.371510 9.273000e+103 3.641000e+205 -9.990000e+02 -6.026000e+02 2.273000e+02 4.464000e-01 4.391532e+01 0.000000e+00 0.000000e+00
9.521410 -9.990000e+02 -9.326000e+104 -9.990000e+02 -6.026000e+02 2.263000e+02 4.383000e-01 4.533144e+01 0.000000e+00 0.000000e+00
9.671310 -9.990000e+02 -8.461000e+104 -9.990000e+02 -5.961000e+02 2.254000e+02 4.304000e-01 1.403103e+02 0.000000e+00 0.000000e+00
9.821200 -9.990000e+02 -9.326000e+104 -9.990000e+02 -5.572000e+02 2.244000e+02 4.226000e-01 2.411557e+02 0.000000e+00 0.000000e+00
