2021/07/09 21:00:00-21:13:52 JST
fH2O= 62.19 /media/data/L0/Ko210709/21/Ko211300.(00-0d)25ns 24000/40bin dz149.90 6875 shot 0.300mrad wid=0 fnum:14 fnum_noise:0
Altitude(km) W[g/kg] dW[g/kg] R355 dR355 T[K] RO[gm^-3] PZ^2_355 Wsonde[g/kg] dWsonde[g/kg]
0.192370 1.824000e+01 3.682000e-01 -9.990000e+02 -1.194000e+03 2.869000e+02 1.202000e+00 2.446935e+03 0.000000e+00 0.000000e+00
0.267320 1.848000e+01 2.971000e-01 -9.990000e+02 -1.194000e+03 2.864000e+02 1.194000e+00 6.551757e+03 0.000000e+00 0.000000e+00
0.342270 1.790000e+01 2.674000e-01 -9.990000e+02 -1.194000e+03 2.859000e+02 1.185000e+00 1.244439e+04 0.000000e+00 0.000000e+00
0.417210 1.818000e+01 2.632000e-01 -9.990000e+02 -1.194000e+03 2.854000e+02 1.176000e+00 1.966592e+04 0.000000e+00 0.000000e+00
0.492160 1.789000e+01 2.658000e-01 -9.990000e+02 -1.194000e+03 2.849000e+02 1.168000e+00 2.718139e+04 0.000000e+00 0.000000e+00
0.567110 1.741000e+01 2.802000e-01 -9.990000e+02 -1.194000e+03 2.844000e+02 1.159000e+00 3.972648e+04 0.000000e+00 0.000000e+00
0.642060 1.780000e+01 3.365000e-01 -9.990000e+02 -1.194000e+03 2.840000e+02 1.151000e+00 1.003307e+05 0.000000e+00 0.000000e+00
0.717010 1.804000e+01 5.060000e-01 -9.990000e+02 -1.194000e+03 2.835000e+02 1.143000e+00 1.225251e+05 0.000000e+00 0.000000e+00
0.791960 1.729000e+01 7.706000e-01 -9.990000e+02 -1.194000e+03 2.830000e+02 1.134000e+00 5.642704e+04 0.000000e+00 0.000000e+00
0.866900 1.501000e+01 1.206000e+00 -9.990000e+02 -1.194000e+03 2.825000e+02 1.126000e+00 3.021283e+04 0.000000e+00 0.000000e+00
0.941850 1.431000e+01 2.327000e+00 -9.990000e+02 -1.194000e+03 2.820000e+02 1.118000e+00 1.180440e+04 0.000000e+00 0.000000e+00
1.016800 1.392000e+01 4.342000e+00 -9.990000e+02 -1.194000e+03 2.815000e+02 1.110000e+00 3.083452e+03 0.000000e+00 0.000000e+00
1.129220 1.371000e+01 9.386000e+00 -9.990000e+02 -6.903000e+02 2.808000e+02 1.098000e+00 6.102062e+02 0.000000e+00 0.000000e+00
1.279120 6.704000e+00 8.809000e+00 -9.990000e+02 -7.013000e+02 2.798000e+02 1.081000e+00 4.908907e+01 0.000000e+00 0.000000e+00
1.429010 -9.990000e+02 -9.990000e+11 -9.990000e+02 -7.125000e+02 2.788000e+02 1.065000e+00 3.063300e+01 0.000000e+00 0.000000e+00
1.578910 -9.990000e+02 -9.990000e+11 -9.990000e+02 -7.286000e+02 2.779000e+02 1.050000e+00 2.119125e+01 0.000000e+00 0.000000e+00
1.728810 -9.990000e+02 -5.472000e+102 -9.990000e+02 -7.361000e+02 2.769000e+02 1.034000e+00 2.092257e+01 0.000000e+00 0.000000e+00
1.878700 -9.990000e+02 -5.472000e+102 -9.990000e+02 -7.743000e+02 2.759000e+02 1.019000e+00 1.235387e+01 0.000000e+00 0.000000e+00
2.028600 -9.990000e+02 -5.472000e+102 -9.990000e+02 -7.472000e+02 2.750000e+02 1.004000e+00 2.263489e+01 0.000000e+00 0.000000e+00
2.178500 -9.990000e+02 -9.990000e+11 -9.990000e+02 -7.472000e+02 2.740000e+02 9.885000e-01 2.610367e+01 0.000000e+00 0.000000e+00
2.328390 -9.990000e+02 -8.358000e+102 -9.990000e+02 -7.654000e+02 2.730000e+02 9.735000e-01 2.168674e+01 0.000000e+00 0.000000e+00
2.478290 -9.990000e+02 -5.472000e+102 -9.990000e+02 -9.751000e+02 2.720000e+02 9.588000e-01 3.071102e+00 0.000000e+00 0.000000e+00
2.628180 -9.990000e+02 -8.358000e+102 -9.990000e+02 -7.083000e+02 2.711000e+02 9.443000e-01 1.277970e+02 0.000000e+00 0.000000e+00
2.778080 -9.990000e+02 -5.472000e+102 -9.990000e+02 -8.204000e+02 2.701000e+02 9.300000e-01 1.543626e+01 0.000000e+00 0.000000e+00
2.927980 -9.990000e+02 -5.472000e+102 -9.990000e+02 -8.959000e+02 2.691000e+02 9.159000e-01 8.573502e+00 0.000000e+00 0.000000e+00
3.077870 -9.990000e+02 -5.472000e+102 -9.990000e+02 -7.855000e+02 2.682000e+02 9.019000e-01 2.842145e+01 0.000000e+00 0.000000e+00
3.227770 -9.990000e+02 -5.472000e+102 -9.990000e+02 -8.497000e+02 2.672000e+02 8.879000e-01 1.562858e+01 0.000000e+00 0.000000e+00
3.377670 5.151000e+101 3.258000e+201 -9.990000e+02 -8.959000e+02 2.662000e+02 8.742000e-01 1.140926e+01 0.000000e+00 0.000000e+00
3.527560 5.146000e+101 3.255000e+201 -9.990000e+02 -9.751000e+02 2.652000e+02 8.607000e-01 0.000000e+00 0.000000e+00 0.000000e+00
3.677460 -9.990000e+02 -8.358000e+102 -9.990000e+02 -9.751000e+02 2.642000e+02 8.473000e-01 6.762215e+00 0.000000e+00 0.000000e+00
3.827350 5.136000e+101 3.248000e+201 -9.990000e+02 -8.959000e+02 2.633000e+02 8.342000e-01 1.464942e+01 0.000000e+00 0.000000e+00
3.977250 -9.990000e+02 -8.358000e+102 -9.990000e+02 -8.959000e+02 2.623000e+02 8.213000e-01 1.581940e+01 0.000000e+00 0.000000e+00
4.127150 -9.990000e+02 -8.358000e+102 -9.990000e+02 -8.204000e+02 2.613000e+02 8.083000e-01 3.406872e+01 0.000000e+00 0.000000e+00
4.277040 -9.990000e+02 -8.358000e+102 -9.990000e+02 -9.751000e+02 2.604000e+02 7.955000e-01 9.147039e+00 0.000000e+00 0.000000e+00
4.426940 -9.990000e+02 -8.358000e+102 -9.990000e+02 -8.959000e+02 2.594000e+02 7.829000e-01 1.959892e+01 0.000000e+00 0.000000e+00
4.576830 -9.990000e+02 -5.472000e+102 -9.990000e+02 -7.855000e+02 2.584000e+02 7.704000e-01 6.284601e+01 0.000000e+00 0.000000e+00
4.726730 -9.990000e+02 -8.358000e+102 -9.990000e+02 -9.751000e+02 2.574000e+02 7.582000e-01 1.117162e+01 0.000000e+00 0.000000e+00
4.876630 -9.990000e+02 -8.358000e+102 -9.990000e+02 -1.311000e+01 2.565000e+02 7.462000e-01 1.189143e+01 0.000000e+00 0.000000e+00
5.026520 -9.990000e+02 -8.358000e+102 -9.990000e+02 -9.751000e+02 2.555000e+02 7.343000e-01 1.263367e+01 0.000000e+00 0.000000e+00
5.176420 5.097000e+101 3.223000e+201 -9.990000e+02 -9.751000e+02 2.545000e+02 7.224000e-01 0.000000e+00 0.000000e+00 0.000000e+00
5.326320 -9.990000e+02 -8.358000e+102 -9.990000e+02 -8.204000e+02 2.535000e+02 7.106000e-01 5.674285e+01 0.000000e+00 0.000000e+00
5.476210 2.827000e+01 4.260000e+01 -9.990000e+02 -9.751000e+02 2.526000e+02 6.990000e-01 1.499531e+01 0.000000e+00 0.000000e+00
5.626110 5.085000e+101 3.216000e+201 -9.990000e+02 -9.751000e+02 2.516000e+02 6.877000e-01 1.582748e+01 0.000000e+00 0.000000e+00
5.776000 -9.990000e+02 -8.358000e+102 -9.990000e+02 -9.751000e+02 2.506000e+02 6.765000e-01 0.000000e+00 0.000000e+00 0.000000e+00
5.925900 -9.990000e+02 -8.358000e+102 -9.990000e+02 -9.751000e+02 2.497000e+02 6.655000e-01 0.000000e+00 0.000000e+00 0.000000e+00
6.075800 -9.990000e+02 -8.358000e+102 -9.990000e+02 -9.751000e+02 2.487000e+02 6.545000e-01 1.845876e+01 0.000000e+00 0.000000e+00
6.225690 -9.990000e+02 -8.358000e+102 -9.990000e+02 -9.751000e+02 2.477000e+02 6.436000e-01 0.000000e+00 0.000000e+00 0.000000e+00
6.375590 -9.990000e+02 -8.358000e+102 -9.990000e+02 -9.751000e+02 2.467000e+02 6.329000e-01 2.032528e+01 0.000000e+00 0.000000e+00
6.525490 -9.990000e+02 -8.358000e+102 -9.990000e+02 -9.751000e+02 2.458000e+02 6.223000e-01 0.000000e+00 0.000000e+00 0.000000e+00
6.675380 -9.990000e+02 -8.358000e+102 -9.990000e+02 -9.751000e+02 2.448000e+02 6.119000e-01 2.228168e+01 0.000000e+00 0.000000e+00
6.825280 -9.990000e+02 -8.358000e+102 -9.990000e+02 -9.751000e+02 2.438000e+02 6.017000e-01 2.329362e+01 0.000000e+00 0.000000e+00
6.975170 -9.990000e+02 -8.358000e+102 -9.990000e+02 -9.751000e+02 2.429000e+02 5.917000e-01 2.432796e+01 0.000000e+00 0.000000e+00
7.125070 -9.990000e+02 -8.358000e+102 -9.990000e+02 -8.959000e+02 2.419000e+02 5.816000e-01 5.076975e+01 0.000000e+00 0.000000e+00
7.274970 -9.990000e+02 -5.472000e+102 -9.990000e+02 -9.751000e+02 2.409000e+02 5.716000e-01 2.646419e+01 0.000000e+00 0.000000e+00
7.424860 -9.990000e+02 -8.358000e+102 -9.990000e+02 -8.003000e+02 2.399000e+02 5.618000e-01 1.378304e+02 0.000000e+00 0.000000e+00
7.574760 -9.990000e+02 -8.358000e+102 -9.990000e+02 -7.062000e+02 2.389000e+02 5.522000e-01 1.205047e+03 0.000000e+00 0.000000e+00
7.724660 -9.990000e+02 -8.358000e+102 -9.990000e+02 -6.949000e+02 2.380000e+02 5.427000e-01 3.998777e+03 0.000000e+00 0.000000e+00
7.874550 -9.990000e+02 -8.358000e+102 -9.990000e+02 -7.286000e+02 2.370000e+02 5.334000e-01 5.271147e+02 0.000000e+00 0.000000e+00
8.024450 -9.990000e+02 -8.358000e+102 -9.990000e+02 -9.751000e+02 2.361000e+02 5.243000e-01 0.000000e+00 0.000000e+00 0.000000e+00
8.174340 -9.990000e+02 -5.472000e+102 -9.990000e+02 -8.959000e+02 2.351000e+02 5.150000e-01 6.682402e+01 0.000000e+00 0.000000e+00
8.324240 -9.990000e+02 -5.472000e+102 -9.990000e+02 -8.959000e+02 2.341000e+02 5.060000e-01 6.929732e+01 0.000000e+00 0.000000e+00
8.474140 -9.990000e+02 -8.358000e+102 -9.990000e+02 -8.959000e+02 2.331000e+02 4.971000e-01 7.181556e+01 0.000000e+00 0.000000e+00
8.624030 -9.990000e+02 -8.358000e+102 -9.990000e+02 -8.959000e+02 2.321000e+02 4.883000e-01 7.437858e+01 0.000000e+00 0.000000e+00
8.773930 -9.990000e+02 -8.358000e+102 -9.990000e+02 -7.743000e+02 2.312000e+02 4.797000e-01 2.694550e+02 0.000000e+00 0.000000e+00
8.923830 -9.990000e+02 -8.358000e+102 -9.990000e+02 -8.204000e+02 2.302000e+02 4.713000e-01 1.592799e+02 0.000000e+00 0.000000e+00
9.073720 -9.990000e+02 -8.358000e+102 -9.990000e+02 -8.959000e+02 2.292000e+02 4.629000e-01 8.233760e+01 0.000000e+00 0.000000e+00
9.223620 -9.990000e+02 -8.358000e+102 -9.990000e+02 -8.497000e+02 2.283000e+02 4.545000e-01 1.276209e+02 0.000000e+00 0.000000e+00
9.373510 -9.990000e+02 -8.358000e+102 -9.990000e+02 -9.751000e+02 2.273000e+02 4.463000e-01 0.000000e+00 0.000000e+00 0.000000e+00
9.523410 1.089000e+102 6.888000e+201 -9.990000e+02 -9.751000e+02 2.263000e+02 4.382000e-01 0.000000e+00 0.000000e+00 0.000000e+00
9.673310 -9.990000e+02 -8.358000e+102 -9.990000e+02 -9.751000e+02 2.253000e+02 4.303000e-01 0.000000e+00 0.000000e+00 0.000000e+00
9.823200 4.999000e+101 3.162000e+201 -9.990000e+02 -9.751000e+02 2.244000e+02 4.225000e-01 0.000000e+00 0.000000e+00 0.000000e+00
