2021/07/09 21:45:11-21:59:10 JST
fH2O= 58.55 /mnt/d/data/Na210709/21/Na215810.(00-0d)25ns 24000/40bin dz149.90 8330 shot 1.000mrad wid=0 fnum:14 fnum_noise:0
Altitude(km) W[g/kg] dW[g/kg] R355 dR355 T[K] RO[gm^-3] PZ^2_355 Wsonde[g/kg] dWsonde[g/kg]
0.190370 1.868000e+01 1.936000e-01 1.687000e-01 1.016000e-01 2.869000e+02 1.203000e+00 3.952862e+03 0.000000e+00 0.000000e+00
0.265320 1.673000e+01 1.617000e-01 3.637000e-01 2.188000e-01 2.864000e+02 1.194000e+00 8.299289e+03 0.000000e+00 0.000000e+00
0.340270 1.653000e+01 1.592000e-01 5.888000e-01 3.541000e-01 2.859000e+02 1.185000e+00 1.313501e+04 0.000000e+00 0.000000e+00
0.415210 1.665000e+01 1.642000e-01 8.509000e-01 5.117000e-01 2.854000e+02 1.177000e+00 1.859588e+04 0.000000e+00 0.000000e+00
0.490160 1.597000e+01 1.679000e-01 1.192000e+00 7.155000e-01 2.849000e+02 1.168000e+00 2.531240e+04 0.000000e+00 0.000000e+00
0.565110 1.520000e+01 1.760000e-01 5.614000e+00 3.147000e+00 2.845000e+02 1.160000e+00 9.463226e+04 0.000000e+00 0.000000e+00
0.640060 1.546000e+01 2.721000e-01 1.419000e+01 3.952000e+00 2.840000e+02 1.151000e+00 1.285664e+05 0.000000e+00 0.000000e+00
0.715010 1.496000e+01 3.729000e-01 7.366000e+00 1.224000e+00 2.835000e+02 1.143000e+00 4.910378e+04 0.000000e+00 0.000000e+00
0.789960 1.478000e+01 4.787000e-01 4.351000e+00 5.198000e-01 2.830000e+02 1.135000e+00 2.450525e+04 0.000000e+00 0.000000e+00
0.864900 1.352000e+01 5.392000e-01 2.233000e+00 2.495000e-01 2.825000e+02 1.126000e+00 1.169543e+04 0.000000e+00 0.000000e+00
0.939850 1.409000e+01 6.223000e-01 9.473000e-01 1.063000e-01 2.820000e+02 1.118000e+00 4.875793e+03 0.000000e+00 0.000000e+00
1.014800 1.369000e+01 6.564000e-01 8.985000e-01 1.010000e-01 2.815000e+02 1.110000e+00 4.545824e+03 0.000000e+00 0.000000e+00
1.127220 1.227000e+01 4.807000e-01 8.568000e-01 6.770000e-02 2.808000e+02 1.098000e+00 4.420327e+03 0.000000e+00 0.000000e+00
1.277120 1.171000e+01 5.277000e-01 7.813000e-01 6.108000e-02 2.798000e+02 1.082000e+00 3.896352e+03 0.000000e+00 0.000000e+00
1.427010 1.100000e+01 5.658000e-01 8.061000e-01 6.250000e-02 2.788000e+02 1.066000e+00 3.887066e+03 0.000000e+00 0.000000e+00
1.576910 1.261000e+01 7.193000e-01 8.642000e-01 6.686000e-02 2.779000e+02 1.050000e+00 4.031057e+03 0.000000e+00 0.000000e+00
1.726810 1.127000e+01 7.281000e-01 8.707000e-01 6.741000e-02 2.769000e+02 1.034000e+00 3.930236e+03 0.000000e+00 0.000000e+00
1.876700 1.068000e+01 7.693000e-01 9.565000e-01 7.426000e-02 2.759000e+02 1.019000e+00 4.178763e+03 0.000000e+00 0.000000e+00
2.026600 1.293000e+01 9.637000e-01 9.292000e-01 7.264000e-02 2.750000e+02 1.004000e+00 3.930992e+03 0.000000e+00 0.000000e+00
2.176500 1.151000e+01 9.741000e-01 9.788000e-01 7.692000e-02 2.740000e+02 9.887000e-01 4.008917e+03 0.000000e+00 0.000000e+00
2.326390 1.150000e+01 1.090000e+00 1.029000e+00 8.107000e-02 2.730000e+02 9.737000e-01 4.072653e+03 0.000000e+00 0.000000e+00
2.476290 1.073000e+01 1.128000e+00 1.051000e+00 8.315000e-02 2.720000e+02 9.590000e-01 4.015054e+03 0.000000e+00 0.000000e+00
2.626180 1.080000e+01 1.206000e+00 9.013000e-01 7.264000e-02 2.711000e+02 9.445000e-01 3.337557e+03 0.000000e+00 0.000000e+00
2.776080 9.767000e+00 1.193000e+00 8.991000e-01 7.317000e-02 2.701000e+02 9.302000e-01 3.227708e+03 0.000000e+00 0.000000e+00
2.925980 7.427000e+00 1.171000e+00 8.722000e-01 7.187000e-02 2.691000e+02 9.161000e-01 3.037010e+03 0.000000e+00 0.000000e+00
3.075870 8.683000e+00 1.287000e+00 9.366000e-01 7.759000e-02 2.682000e+02 9.021000e-01 3.161947e+03 0.000000e+00 0.000000e+00
3.225770 8.250000e+00 1.371000e+00 9.507000e-01 7.971000e-02 2.672000e+02 8.881000e-01 3.113037e+03 0.000000e+00 0.000000e+00
3.375670 1.157000e+01 1.843000e+00 9.149000e-01 7.815000e-02 2.662000e+02 8.744000e-01 2.907192e+03 0.000000e+00 0.000000e+00
3.525560 8.191000e+00 1.588000e+00 9.883000e-01 8.487000e-02 2.652000e+02 8.608000e-01 3.046692e+03 0.000000e+00 0.000000e+00
3.675460 5.685000e+00 1.387000e+00 9.958000e-01 8.681000e-02 2.643000e+02 8.475000e-01 2.980027e+03 0.000000e+00 0.000000e+00
3.825350 2.629000e+00 9.815000e-01 1.068000e+00 9.343000e-02 2.633000e+02 8.344000e-01 3.088916e+03 0.000000e+00 0.000000e+00
3.975250 5.103000e+00 1.508000e+00 1.023000e+00 9.145000e-02 2.623000e+02 8.215000e-01 2.869227e+03 0.000000e+00 0.000000e+00
4.125150 1.866000e+00 8.887000e-01 9.144000e-01 8.492000e-02 2.613000e+02 8.085000e-01 2.493735e+03 0.000000e+00 0.000000e+00
4.275040 2.518000e+00 1.205000e+00 9.699000e-01 9.081000e-02 2.604000e+02 7.957000e-01 2.568536e+03 0.000000e+00 0.000000e+00
4.424940 2.071000e+00 1.113000e+00 9.819000e-01 9.355000e-02 2.594000e+02 7.830000e-01 2.526533e+03 0.000000e+00 0.000000e+00
4.574830 4.546000e+00 1.849000e+00 9.750000e-01 9.495000e-02 2.584000e+02 7.706000e-01 2.438861e+03 0.000000e+00 0.000000e+00
4.724730 3.417000e+00 1.494000e+00 9.591000e-01 9.573000e-02 2.574000e+02 7.584000e-01 2.333312e+03 0.000000e+00 0.000000e+00
4.874630 3.151000e+00 1.515000e+00 1.000000e+00 1.312000e-02 2.565000e+02 7.463000e-01 2.364859e+03 0.000000e+00 0.000000e+00
5.024520 3.248000e+00 1.563000e+00 9.766000e-01 1.014000e-01 2.555000e+02 7.345000e-01 2.247348e+03 0.000000e+00 0.000000e+00
5.174420 2.238000e+00 1.746000e+00 9.871000e-01 1.045000e-01 2.545000e+02 7.225000e-01 2.209345e+03 0.000000e+00 0.000000e+00
5.324320 1.754000e+00 1.364000e+00 1.059000e+00 1.129000e-01 2.536000e+02 7.108000e-01 2.296671e+03 0.000000e+00 0.000000e+00
5.474210 9.545000e+00 3.539000e+00 1.093000e+00 1.185000e-01 2.526000e+02 6.992000e-01 2.292907e+03 0.000000e+00 0.000000e+00
5.624110 4.595000e+00 2.234000e+00 9.735000e-01 1.115000e-01 2.516000e+02 6.878000e-01 1.993059e+03 0.000000e+00 0.000000e+00
5.774000 1.821000e+00 2.026000e+00 7.049000e-01 9.167000e-02 2.506000e+02 6.766000e-01 1.417096e+03 0.000000e+00 0.000000e+00
5.923900 3.905000e-01 1.081000e+00 9.017000e-01 1.114000e-01 2.497000e+02 6.656000e-01 1.754882e+03 0.000000e+00 0.000000e+00
6.073800 -9.990000e+02 -1.048000e+103 8.348000e-01 1.083000e-01 2.487000e+02 6.547000e-01 1.586525e+03 0.000000e+00 0.000000e+00
6.223690 3.372000e+00 2.652000e+00 9.013000e-01 1.170000e-01 2.477000e+02 6.437000e-01 1.665796e+03 0.000000e+00 0.000000e+00
6.373590 2.044000e+00 2.277000e+00 8.671000e-01 1.168000e-01 2.467000e+02 6.330000e-01 1.564167e+03 0.000000e+00 0.000000e+00
6.523490 2.095000e+00 2.335000e+00 8.084000e-01 1.144000e-01 2.458000e+02 6.224000e-01 1.425789e+03 0.000000e+00 0.000000e+00
6.673380 7.929000e-01 2.199000e+00 1.019000e+00 1.370000e-01 2.448000e+02 6.121000e-01 1.737045e+03 0.000000e+00 0.000000e+00
6.823280 3.411000e+00 3.833000e+00 7.320000e-01 1.129000e-01 2.438000e+02 6.018000e-01 1.233894e+03 0.000000e+00 0.000000e+00
6.973170 5.116000e+00 4.076000e+00 9.565000e-01 1.380000e-01 2.429000e+02 5.918000e-01 1.556181e+03 0.000000e+00 0.000000e+00
7.123070 1.271000e+00 3.530000e+00 7.088000e-01 1.163000e-01 2.419000e+02 5.817000e-01 1.141720e+03 0.000000e+00 0.000000e+00
7.272970 1.154000e+00 3.203000e+00 1.029000e+00 1.523000e-01 2.409000e+02 5.717000e-01 1.587059e+03 0.000000e+00 0.000000e+00
7.422860 -9.990000e+02 -1.048000e+103 1.126000e+00 1.660000e-01 2.399000e+02 5.620000e-01 1.680704e+03 0.000000e+00 0.000000e+00
7.572760 1.152000e+00 3.199000e+00 8.129000e-01 1.372000e-01 2.390000e+02 5.523000e-01 1.204396e+03 0.000000e+00 0.000000e+00
7.722660 1.819000e+00 5.064000e+00 1.069000e+00 1.683000e-01 2.380000e+02 5.429000e-01 1.520965e+03 0.000000e+00 0.000000e+00
7.872550 -9.990000e+02 -1.048000e+103 9.057000e-01 1.545000e-01 2.370000e+02 5.336000e-01 1.270650e+03 0.000000e+00 0.000000e+00
8.022450 4.080000e+00 4.607000e+00 9.155000e-01 1.591000e-01 2.361000e+02 5.244000e-01 1.255132e+03 0.000000e+00 0.000000e+00
8.172340 1.266000e+00 3.515000e+00 7.084000e-01 1.380000e-01 2.351000e+02 5.152000e-01 9.684961e+02 0.000000e+00 0.000000e+00
8.322240 1.815000e+00 5.052000e+00 1.221000e+00 2.018000e-01 2.341000e+02 5.061000e-01 1.558497e+03 0.000000e+00 0.000000e+00
8.472140 4.531000e+00 5.132000e+00 1.217000e+00 2.069000e-01 2.331000e+02 4.972000e-01 1.507466e+03 0.000000e+00 0.000000e+00
8.622030 -9.990000e+02 -1.048000e+103 1.136000e+00 2.027000e-01 2.322000e+02 4.884000e-01 1.375406e+03 0.000000e+00 0.000000e+00
8.771930 1.953000e+00 5.441000e+00 8.924000e-01 1.769000e-01 2.312000e+02 4.798000e-01 1.077346e+03 0.000000e+00 0.000000e+00
8.921830 -9.990000e+02 -1.048000e+103 7.988000e-01 1.680000e-01 2.302000e+02 4.714000e-01 9.552665e+02 0.000000e+00 0.000000e+00
9.071720 1.581000e+00 4.397000e+00 1.088000e+00 2.102000e-01 2.293000e+02 4.630000e-01 1.234549e+03 0.000000e+00 0.000000e+00
9.221620 5.091000e+00 5.791000e+00 9.438000e-01 1.956000e-01 2.283000e+02 4.546000e-01 1.063066e+03 0.000000e+00 0.000000e+00
9.371510 2.835000e+00 7.932000e+00 7.336000e-01 1.691000e-01 2.273000e+02 4.464000e-01 8.344039e+02 0.000000e+00 0.000000e+00
9.521410 -9.990000e+02 -1.048000e+103 2.184000e+00 3.651000e-01 2.263000e+02 4.383000e-01 2.130662e+03 0.000000e+00 0.000000e+00
9.671310 -9.990000e+02 -1.048000e+103 1.176000e+00 2.472000e-01 2.254000e+02 4.304000e-01 1.169275e+03 0.000000e+00 0.000000e+00
9.821200 -9.990000e+02 -1.048000e+103 6.358000e-01 1.665000e-01 2.244000e+02 4.226000e-01 6.752413e+02 0.000000e+00 0.000000e+00
