2021/07/09 12:45:57-12:59:56 JST
fH2O= 58.55 /mnt/d/data/Na210709/12/Na125856.(00-0d)25ns 24000/40bin dz149.90 8330 shot 1.000mrad wid=0 fnum:14 fnum_noise:0
Altitude(km) W[g/kg] dW[g/kg] R355 dR355 T[K] RO[gm^-3] PZ^2_355 Wsonde[g/kg] dWsonde[g/kg]
0.190370 1.993000e+01 5.197000e-01 4.236000e-01 1.166000e-01 2.869000e+02 1.203000e+00 5.094531e+03 0.000000e+00 0.000000e+00
0.265320 1.835000e+01 5.018000e-01 2.771000e-01 7.596000e-02 2.864000e+02 1.194000e+00 3.245820e+03 0.000000e+00 0.000000e+00
0.340270 1.787000e+01 5.104000e-01 3.559000e-01 9.721000e-02 2.859000e+02 1.185000e+00 4.075728e+03 0.000000e+00 0.000000e+00
0.415210 1.696000e+01 5.404000e-01 5.038000e-01 1.373000e-01 2.854000e+02 1.177000e+00 5.652424e+03 0.000000e+00 0.000000e+00
0.490160 1.685000e+01 5.880000e-01 6.463000e-01 1.760000e-01 2.849000e+02 1.168000e+00 7.110787e+03 0.000000e+00 0.000000e+00
0.565110 1.571000e+01 6.139000e-01 8.168000e-01 2.224000e-01 2.845000e+02 1.160000e+00 8.818765e+03 0.000000e+00 0.000000e+00
0.640060 1.579000e+01 7.125000e-01 1.098000e+00 2.985000e-01 2.840000e+02 1.151000e+00 1.158247e+04 0.000000e+00 0.000000e+00
0.715010 1.684000e+01 9.239000e-01 6.672000e+00 1.223000e+00 2.835000e+02 1.143000e+00 5.345774e+04 0.000000e+00 0.000000e+00
0.789960 1.425000e+01 1.426000e+00 3.993000e+00 6.014000e-01 2.830000e+02 1.135000e+00 2.746743e+04 0.000000e+00 0.000000e+00
0.864900 1.462000e+01 1.750000e+00 1.578000e+00 2.354000e-01 2.825000e+02 1.126000e+00 1.039662e+04 0.000000e+00 0.000000e+00
0.939850 1.657000e+01 2.118000e+00 2.104000e+00 3.028000e-01 2.820000e+02 1.118000e+00 1.296758e+04 0.000000e+00 0.000000e+00
1.014800 1.661000e+01 2.576000e+00 1.516000e+00 2.164000e-01 2.815000e+02 1.110000e+00 8.979009e+03 0.000000e+00 0.000000e+00
1.127220 1.669000e+01 2.304000e+00 2.103000e+00 2.453000e-01 2.808000e+02 1.098000e+00 1.146844e+04 0.000000e+00 0.000000e+00
1.277120 1.711000e+01 3.171000e+00 1.466000e+00 1.643000e-01 2.798000e+02 1.082000e+00 7.427207e+03 0.000000e+00 0.000000e+00
1.427010 1.819000e+01 4.341000e+00 2.198000e+00 1.779000e-01 2.788000e+02 1.066000e+00 9.726149e+03 0.000000e+00 0.000000e+00
1.576910 1.356000e+01 5.359000e+00 1.282000e+00 1.017000e-01 2.779000e+02 1.050000e+00 5.365153e+03 0.000000e+00 0.000000e+00
1.726810 1.898000e+01 6.884000e+00 1.037000e+00 8.277000e-02 2.769000e+02 1.034000e+00 4.190890e+03 0.000000e+00 0.000000e+00
1.876700 2.028000e+01 8.409000e+00 9.147000e-01 7.362000e-02 2.759000e+02 1.019000e+00 3.581252e+03 0.000000e+00 0.000000e+00
2.026600 2.120000e+01 9.466000e+00 8.989000e-01 7.274000e-02 2.750000e+02 1.004000e+00 3.409814e+03 0.000000e+00 0.000000e+00
2.176500 -9.990000e+02 -9.990000e+11 9.163000e-01 7.458000e-02 2.740000e+02 9.887000e-01 3.367652e+03 0.000000e+00 0.000000e+00
2.326390 1.317000e+01 1.354000e+01 9.055000e-01 7.428000e-02 2.730000e+02 9.737000e-01 3.226361e+03 0.000000e+00 0.000000e+00
2.476290 1.516000e+01 1.872000e+01 9.248000e-01 7.642000e-02 2.720000e+02 9.590000e-01 3.194732e+03 0.000000e+00 0.000000e+00
2.626180 -9.990000e+02 -9.990000e+11 9.342000e-01 7.791000e-02 2.711000e+02 9.445000e-01 3.130307e+03 0.000000e+00 0.000000e+00
2.776080 6.842000e+00 1.838000e+01 9.872000e-01 8.290000e-02 2.701000e+02 9.302000e-01 3.208413e+03 0.000000e+00 0.000000e+00
2.925980 -9.990000e+02 -9.990000e+11 9.390000e-01 8.011000e-02 2.691000e+02 9.161000e-01 2.964146e+03 0.000000e+00 0.000000e+00
3.075870 3.011000e+01 3.213000e+01 9.796000e-01 8.430000e-02 2.682000e+02 9.021000e-01 3.000921e+03 0.000000e+00 0.000000e+00
3.225770 3.727000e+01 2.785000e+01 9.638000e-01 8.420000e-02 2.672000e+02 8.881000e-01 2.868250e+03 0.000000e+00 0.000000e+00
3.375670 8.434000e+01 4.541000e+01 8.777000e-01 7.854000e-02 2.662000e+02 8.744000e-01 2.542227e+03 0.000000e+00 0.000000e+00
3.525560 6.783000e+01 4.774000e+01 9.623000e-01 8.637000e-02 2.652000e+02 8.608000e-01 2.704588e+03 0.000000e+00 0.000000e+00
3.675460 7.245000e+01 5.981000e+01 8.177000e-01 7.607000e-02 2.643000e+02 8.475000e-01 2.243255e+03 0.000000e+00 0.000000e+00
3.825350 4.120000e+01 5.460000e+01 9.212000e-01 8.550000e-02 2.633000e+02 8.344000e-01 2.451917e+03 0.000000e+00 0.000000e+00
3.975250 7.346000e+01 9.722000e+01 8.712000e-01 8.292000e-02 2.623000e+02 8.215000e-01 2.260452e+03 0.000000e+00 0.000000e+00
4.125150 1.428000e+01 3.400000e+01 7.891000e-01 7.759000e-02 2.613000e+02 8.085000e-01 1.999994e+03 0.000000e+00 0.000000e+00
4.275040 -9.990000e+02 -1.608000e+105 8.730000e-01 8.568000e-02 2.604000e+02 7.957000e-01 2.147978e+03 0.000000e+00 0.000000e+00
4.424940 3.142000e+01 7.460000e+01 8.019000e-01 8.141000e-02 2.594000e+02 7.830000e-01 1.929073e+03 0.000000e+00 0.000000e+00
4.574830 2.562000e+01 6.195000e+01 9.434000e-01 9.439000e-02 2.584000e+02 7.706000e-01 2.198072e+03 0.000000e+00 0.000000e+00
4.724730 1.255000e+104 9.483000e+205 9.230000e-01 9.463000e-02 2.574000e+02 7.584000e-01 2.098826e+03 0.000000e+00 0.000000e+00
4.874630 -9.990000e+02 -1.608000e+105 1.000000e+00 1.312000e-02 2.565000e+02 7.463000e-01 2.210346e+03 0.000000e+00 0.000000e+00
5.024520 1.050000e+02 1.244000e+02 1.067000e+00 1.106000e-01 2.555000e+02 7.345000e-01 2.285230e+03 0.000000e+00 0.000000e+00
5.174420 1.874000e+00 6.650000e+01 8.813000e-01 9.767000e-02 2.545000e+02 7.225000e-01 1.861165e+03 0.000000e+00 0.000000e+00
5.324320 1.287000e+01 5.984000e+01 1.995000e+00 2.099000e-01 2.536000e+02 7.108000e-01 3.757234e+03 0.000000e+00 0.000000e+00
5.474210 6.330000e+01 9.661000e+01 1.332000e+00 1.548000e-01 2.526000e+02 6.992000e-01 2.442792e+03 0.000000e+00 0.000000e+00
5.624110 1.026000e+03 8.465000e+03 8.946000e-01 1.152000e-01 2.516000e+02 6.878000e-01 1.645033e+03 0.000000e+00 0.000000e+00
5.774000 1.454000e+02 3.825000e+02 1.043000e+00 1.325000e-01 2.506000e+02 6.766000e-01 1.850603e+03 0.000000e+00 0.000000e+00
5.923900 -9.990000e+02 -1.608000e+105 9.971000e-01 1.302000e-01 2.497000e+02 6.656000e-01 1.737332e+03 0.000000e+00 0.000000e+00
6.073800 2.004000e+02 2.670000e+02 1.197000e+00 1.536000e-01 2.487000e+02 6.547000e-01 1.992418e+03 0.000000e+00 0.000000e+00
6.223690 1.790000e+01 6.794000e+01 1.673000e+00 2.098000e-01 2.477000e+02 6.437000e-01 2.576278e+03 0.000000e+00 0.000000e+00
6.373590 -9.990000e+02 -1.608000e+105 2.798000e+00 3.834000e-01 2.467000e+02 6.330000e-01 3.758415e+03 0.000000e+00 0.000000e+00
6.523490 9.319000e+103 7.042000e+205 5.283000e+00 1.128000e+00 2.458000e+02 6.224000e-01 5.512548e+03 0.000000e+00 0.000000e+00
6.673380 3.955000e+01 1.927000e+02 1.367000e+01 8.866000e+00 2.448000e+02 6.121000e-01 7.462042e+03 0.000000e+00 0.000000e+00
6.823280 -9.990000e+02 -1.777000e+105 1.000000e+07 1.293000e+40 2.438000e+02 6.018000e-01 1.812398e+04 0.000000e+00 0.000000e+00
6.973170 7.192000e+01 8.034000e+01 1.000000e+07 2.587000e+40 2.429000e+02 5.918000e-01 1.087255e+04 0.000000e+00 0.000000e+00
7.123070 4.830000e+103 3.650000e+205 1.000000e+07 4.090000e+40 2.419000e+02 5.817000e-01 7.359308e+03 0.000000e+00 0.000000e+00
7.272970 1.104000e+104 8.341000e+205 1.000000e+07 5.784000e+40 2.409000e+02 5.717000e-01 8.069259e+03 0.000000e+00 0.000000e+00
7.422860 6.235000e+103 4.711000e+205 1.000000e+07 7.652000e+40 2.399000e+02 5.620000e-01 8.680949e+03 0.000000e+00 0.000000e+00
7.572760 2.120000e+02 4.064000e+02 1.000000e+07 9.679000e+40 2.390000e+02 5.523000e-01 8.719508e+03 0.000000e+00 0.000000e+00
7.722660 -9.990000e+02 -1.777000e+105 1.000000e+07 1.185000e+41 2.380000e+02 5.429000e-01 6.442650e+03 0.000000e+00 0.000000e+00
7.872550 1.478000e+03 1.552000e+04 1.000000e+07 1.417000e+41 2.370000e+02 5.336000e-01 3.843219e+03 0.000000e+00 0.000000e+00
8.022450 5.150000e+103 3.892000e+205 1.000000e+07 1.661000e+41 2.361000e+02 5.244000e-01 2.767839e+03 0.000000e+00 0.000000e+00
8.172340 2.064000e+02 6.154000e+02 1.000000e+07 1.918000e+41 2.351000e+02 5.152000e-01 1.402665e+03 0.000000e+00 0.000000e+00
8.322240 2.027000e+104 1.532000e+206 1.000000e+07 2.187000e+41 2.341000e+02 5.061000e-01 1.454593e+03 0.000000e+00 0.000000e+00
8.472140 -9.990000e+02 -1.608000e+105 1.000000e+07 2.468000e+41 2.331000e+02 4.972000e-01 5.024765e+02 0.000000e+00 0.000000e+00
8.622030 1.479000e+03 3.493000e+04 1.000000e+07 2.759000e+41 2.322000e+02 4.884000e-01 4.460678e+02 0.000000e+00 0.000000e+00
8.771930 4.429000e+02 2.618000e+03 1.000000e+07 3.061000e+41 2.312000e+02 4.798000e-01 2.308554e+02 0.000000e+00 0.000000e+00
8.921830 9.814000e+102 7.415000e+204 1.000000e+07 3.373000e+41 2.302000e+02 4.714000e-01 3.184177e+02 0.000000e+00 0.000000e+00
9.071720 -9.990000e+02 -1.777000e+105 1.000000e+07 3.695000e+41 2.293000e+02 4.630000e-01 3.703578e+02 0.000000e+00 0.000000e+00
9.221620 1.278000e+02 9.241000e+02 1.000000e+07 4.026000e+41 2.283000e+02 4.546000e-01 4.252211e+02 0.000000e+00 0.000000e+00
9.371510 -9.990000e+02 -1.777000e+105 1.000000e+07 4.367000e+41 2.273000e+02 4.464000e-01 3.074088e+02 0.000000e+00 0.000000e+00
9.521410 2.539000e+02 5.137000e+02 1.000000e+07 4.717000e+41 2.263000e+02 4.383000e-01 4.079857e+02 0.000000e+00 0.000000e+00
9.671310 8.413000e+01 1.349000e+02 1.000000e+07 5.076000e+41 2.254000e+02 4.304000e-01 5.612453e+02 0.000000e+00 0.000000e+00
9.821200 2.819000e+02 8.803000e+02 1.000000e+07 5.443000e+41 2.244000e+02 4.226000e-01 2.893871e+02 0.000000e+00 0.000000e+00
