2021/07/09 12:15:00-12:28:58 JST
fH2O= 58.55 /mnt/d/data/Na210709/12/Na122759.(00-0d)25ns 24000/40bin dz149.90 8330 shot 1.000mrad wid=0 fnum:14 fnum_noise:0
Altitude(km) W[g/kg] dW[g/kg] R355 dR355 T[K] RO[gm^-3] PZ^2_355 Wsonde[g/kg] dWsonde[g/kg]
0.190370 1.958000e+01 4.071000e-01 1.000000e+07 3.234000e+39 2.869000e+02 1.203000e+00 1.806516e+03 0.000000e+00 0.000000e+00
0.265320 1.738000e+01 3.785000e-01 1.000000e+07 5.113000e+39 2.864000e+02 1.194000e+00 3.233927e+03 0.000000e+00 0.000000e+00
0.340270 1.707000e+01 3.975000e-01 1.000000e+07 7.230000e+39 2.859000e+02 1.185000e+00 4.932800e+03 0.000000e+00 0.000000e+00
0.415210 1.617000e+01 4.172000e-01 1.000000e+07 9.565000e+39 2.854000e+02 1.177000e+00 6.439118e+03 0.000000e+00 0.000000e+00
0.490160 1.737000e+01 4.813000e-01 1.000000e+07 1.210000e+40 2.849000e+02 1.168000e+00 8.251749e+03 0.000000e+00 0.000000e+00
0.565110 1.562000e+01 5.029000e-01 1.000000e+07 1.482000e+40 2.845000e+02 1.160000e+00 9.873995e+03 0.000000e+00 0.000000e+00
0.640060 1.585000e+01 5.746000e-01 1.000000e+07 1.771000e+40 2.840000e+02 1.151000e+00 1.168752e+04 0.000000e+00 0.000000e+00
0.715010 1.534000e+01 6.579000e-01 1.000000e+07 2.077000e+40 2.835000e+02 1.143000e+00 1.356180e+04 0.000000e+00 0.000000e+00
0.789960 1.480000e+01 7.920000e-01 1.000000e+07 2.398000e+40 2.830000e+02 1.135000e+00 2.009878e+04 0.000000e+00 0.000000e+00
0.864900 1.662000e+01 1.071000e+00 1.000000e+07 2.734000e+40 2.825000e+02 1.126000e+00 6.019877e+04 0.000000e+00 0.000000e+00
0.939850 1.704000e+01 1.657000e+00 1.000000e+07 3.085000e+40 2.820000e+02 1.118000e+00 6.149838e+04 0.000000e+00 0.000000e+00
1.014800 1.924000e+01 3.276000e+00 1.000000e+07 3.449000e+40 2.815000e+02 1.110000e+00 5.066747e+04 0.000000e+00 0.000000e+00
1.127220 1.858000e+01 4.856000e+00 1.000000e+07 1.185000e+41 2.808000e+02 1.098000e+00 1.829902e+04 0.000000e+00 0.000000e+00
1.277120 1.101000e+01 8.655000e+00 1.000000e+07 1.417000e+41 2.798000e+02 1.082000e+00 4.755598e+03 0.000000e+00 0.000000e+00
1.427010 -9.990000e+02 -9.990000e+11 1.000000e+07 1.661000e+41 2.788000e+02 1.066000e+00 7.091490e+03 0.000000e+00 0.000000e+00
1.576910 -9.990000e+02 -7.933000e+104 1.000000e+07 1.918000e+41 2.779000e+02 1.050000e+00 5.177280e+03 0.000000e+00 0.000000e+00
1.726810 -9.990000e+02 -9.990000e+11 1.000000e+07 2.187000e+41 2.769000e+02 1.034000e+00 5.151799e+03 0.000000e+00 0.000000e+00
1.876700 -9.990000e+02 -9.990000e+11 1.000000e+07 2.468000e+41 2.759000e+02 1.019000e+00 3.040613e+03 0.000000e+00 0.000000e+00
2.026600 7.499000e+00 9.765000e+01 1.000000e+07 2.759000e+41 2.750000e+02 1.004000e+00 5.134201e+01 0.000000e+00 0.000000e+00
2.176500 -9.990000e+02 -9.990000e+11 1.000000e+07 3.061000e+41 2.740000e+02 9.887000e-01 3.316186e+01 0.000000e+00 0.000000e+00
2.326390 -9.990000e+02 -7.933000e+104 1.000000e+07 3.373000e+41 2.730000e+02 9.737000e-01 1.894325e+01 0.000000e+00 0.000000e+00
2.476290 -9.990000e+02 -9.990000e+11 1.000000e+07 3.695000e+41 2.720000e+02 9.590000e-01 3.372789e+01 0.000000e+00 0.000000e+00
2.626180 -9.990000e+02 -7.933000e+104 1.000000e+07 4.026000e+41 2.711000e+02 9.445000e-01 3.793461e+01 0.000000e+00 0.000000e+00
2.776080 -9.990000e+02 -9.990000e+11 1.000000e+07 4.367000e+41 2.701000e+02 9.302000e-01 2.697461e+01 0.000000e+00 0.000000e+00
2.925980 -9.990000e+02 -7.933000e+104 1.000000e+07 4.717000e+41 2.691000e+02 9.161000e-01 4.280925e+01 0.000000e+00 0.000000e+00
3.075870 -9.990000e+02 -7.933000e+104 1.000000e+07 5.076000e+41 2.682000e+02 9.021000e-01 4.257682e+01 0.000000e+00 0.000000e+00
3.225770 6.151000e+01 3.191000e+02 1.000000e+07 5.443000e+41 2.672000e+02 8.881000e-01 4.162473e+01 0.000000e+00 0.000000e+00
3.375670 6.867000e+01 4.762000e+02 1.000000e+07 5.819000e+41 2.662000e+02 8.744000e-01 4.558322e+01 0.000000e+00 0.000000e+00
3.525560 -9.990000e+02 -7.933000e+104 1.000000e+07 6.203000e+41 2.652000e+02 8.608000e-01 5.593639e+01 0.000000e+00 0.000000e+00
3.675460 -9.990000e+02 -7.933000e+104 1.000000e+07 6.595000e+41 2.643000e+02 8.475000e-01 4.052934e+01 0.000000e+00 0.000000e+00
3.825350 -9.990000e+02 -8.741000e+104 1.000000e+07 6.995000e+41 2.633000e+02 8.344000e-01 1.463409e+01 0.000000e+00 0.000000e+00
3.975250 -9.990000e+02 -7.933000e+104 1.000000e+07 7.403000e+41 2.623000e+02 8.215000e-01 1.580348e+01 0.000000e+00 0.000000e+00
4.125150 -9.990000e+02 -7.933000e+104 1.000000e+07 7.819000e+41 2.613000e+02 8.085000e-01 3.403567e+01 0.000000e+00 0.000000e+00
4.275040 -9.990000e+02 -7.933000e+104 1.000000e+07 8.241000e+41 2.604000e+02 7.957000e-01 4.569259e+01 0.000000e+00 0.000000e+00
4.424940 1.200000e+02 1.678000e+02 1.000000e+07 8.672000e+41 2.594000e+02 7.830000e-01 3.916246e+01 0.000000e+00 0.000000e+00
4.574830 4.807000e+01 1.944000e+02 1.000000e+07 9.109000e+41 2.584000e+02 7.706000e-01 5.232578e+01 0.000000e+00 0.000000e+00
4.724730 8.192000e+01 2.371000e+02 1.000000e+07 9.554000e+41 2.574000e+02 7.584000e-01 1.339472e+02 0.000000e+00 0.000000e+00
4.874630 1.026000e+103 3.770000e+204 1.000000e+07 1.001000e+42 2.565000e+02 7.463000e-01 1.306996e+02 0.000000e+00 0.000000e+00
5.024520 -9.990000e+02 -7.933000e+104 1.000000e+07 1.046000e+42 2.555000e+02 7.345000e-01 1.641088e+02 0.000000e+00 0.000000e+00
5.174420 1.309000e+03 1.666000e+04 1.000000e+07 1.093000e+42 2.545000e+02 7.225000e-01 1.071053e+02 0.000000e+00 0.000000e+00
5.324320 -9.990000e+02 -8.741000e+104 1.000000e+07 1.140000e+42 2.536000e+02 7.108000e-01 5.670017e+01 0.000000e+00 0.000000e+00
5.474210 8.707000e+103 3.200000e+205 1.000000e+07 1.188000e+42 2.526000e+02 6.992000e-01 7.492203e+01 0.000000e+00 0.000000e+00
5.624110 -9.990000e+02 -7.933000e+104 1.000000e+07 1.236000e+42 2.516000e+02 6.878000e-01 4.744876e+01 0.000000e+00 0.000000e+00
5.774000 5.133000e+102 1.886000e+204 1.000000e+07 1.286000e+42 2.506000e+02 6.766000e-01 6.668221e+01 0.000000e+00 0.000000e+00
5.923900 2.898000e+02 4.677000e+02 1.000000e+07 1.335000e+42 2.497000e+02 6.656000e-01 5.264206e+01 0.000000e+00 0.000000e+00
6.073800 -9.990000e+02 -7.933000e+104 1.000000e+07 1.386000e+42 2.487000e+02 6.547000e-01 5.533992e+01 0.000000e+00 0.000000e+00
6.223690 -9.990000e+02 -7.933000e+104 1.000000e+07 1.437000e+42 2.477000e+02 6.437000e-01 3.873662e+01 0.000000e+00 0.000000e+00
6.373590 -9.990000e+02 -7.933000e+104 1.000000e+07 1.489000e+42 2.467000e+02 6.330000e-01 8.125032e+01 0.000000e+00 0.000000e+00
6.523490 7.448000e+00 1.443000e+02 1.000000e+07 1.541000e+42 2.458000e+02 6.224000e-01 0.000000e+00 0.000000e+00 0.000000e+00
6.673380 -9.990000e+02 -7.933000e+104 1.000000e+07 1.594000e+42 2.448000e+02 6.121000e-01 4.453668e+01 0.000000e+00 0.000000e+00
6.823280 -9.990000e+02 -7.933000e+104 1.000000e+07 1.647000e+42 2.438000e+02 6.018000e-01 2.327997e+01 0.000000e+00 0.000000e+00
6.973170 -9.990000e+02 -7.933000e+104 1.000000e+07 1.701000e+42 2.429000e+02 5.918000e-01 4.862804e+01 0.000000e+00 0.000000e+00
7.123070 -9.990000e+02 -8.741000e+104 1.000000e+07 1.756000e+42 2.419000e+02 5.817000e-01 2.537059e+01 0.000000e+00 0.000000e+00
7.272970 3.416000e+102 1.256000e+204 1.000000e+07 1.811000e+42 2.409000e+02 5.717000e-01 5.289931e+01 0.000000e+00 0.000000e+00
7.422860 7.334000e+102 2.695000e+204 1.000000e+07 1.867000e+42 2.399000e+02 5.620000e-01 5.510221e+01 0.000000e+00 0.000000e+00
7.572760 -9.990000e+02 -7.933000e+104 1.000000e+07 1.923000e+42 2.390000e+02 5.523000e-01 2.867508e+01 0.000000e+00 0.000000e+00
7.722660 -9.990000e+02 -8.741000e+104 1.000000e+07 1.980000e+42 2.380000e+02 5.429000e-01 2.982155e+01 0.000000e+00 0.000000e+00
7.872550 -9.990000e+02 -7.933000e+104 1.000000e+07 2.037000e+42 2.370000e+02 5.336000e-01 6.198085e+01 0.000000e+00 0.000000e+00
8.022450 3.860000e+103 1.419000e+205 1.000000e+07 2.095000e+42 2.361000e+02 5.244000e-01 9.654560e+01 0.000000e+00 0.000000e+00
8.172340 9.230000e+01 1.655000e+02 1.000000e+07 2.153000e+42 2.351000e+02 5.152000e-01 6.679126e+01 0.000000e+00 0.000000e+00
8.322240 2.293000e+103 8.428000e+204 1.000000e+07 2.212000e+42 2.341000e+02 5.061000e-01 1.385282e+02 0.000000e+00 0.000000e+00
8.472140 -9.990000e+02 -8.741000e+104 1.000000e+07 2.272000e+42 2.331000e+02 4.972000e-01 0.000000e+00 0.000000e+00 0.000000e+00
8.622030 -9.990000e+02 -8.741000e+104 1.000000e+07 2.332000e+42 2.322000e+02 4.884000e-01 1.486883e+02 0.000000e+00 0.000000e+00
8.771930 6.623000e+02 3.592000e+03 1.000000e+07 2.393000e+42 2.312000e+02 4.798000e-01 2.308554e+02 0.000000e+00 0.000000e+00
8.921830 -9.990000e+02 -7.933000e+104 1.000000e+07 2.454000e+42 2.302000e+02 4.714000e-01 3.980198e+01 0.000000e+00 0.000000e+00
9.071720 -9.990000e+02 -7.933000e+104 1.000000e+07 2.515000e+42 2.293000e+02 4.630000e-01 8.230123e+01 0.000000e+00 0.000000e+00
9.221620 -9.990000e+02 -8.741000e+104 1.000000e+07 2.577000e+42 2.283000e+02 4.546000e-01 4.252177e+01 0.000000e+00 0.000000e+00
9.371510 -9.990000e+02 -7.933000e+104 1.000000e+07 2.640000e+42 2.273000e+02 4.464000e-01 4.391532e+01 0.000000e+00 0.000000e+00
9.521410 -9.990000e+02 -7.933000e+104 1.000000e+07 2.703000e+42 2.263000e+02 4.383000e-01 1.813262e+02 0.000000e+00 0.000000e+00
9.671310 -9.990000e+02 -8.741000e+104 1.000000e+07 2.767000e+42 2.254000e+02 4.304000e-01 1.870806e+02 0.000000e+00 0.000000e+00
9.821200 -9.990000e+02 -7.933000e+104 1.000000e+07 2.831000e+42 2.244000e+02 4.226000e-01 1.929244e+02 0.000000e+00 0.000000e+00
