2021/07/09 10:45:00-10:58:52 JST
fH2O= 62.19 /media/data/L0/Ko210709/10/Ko105800.(00-0d)25ns 24000/40bin dz149.90 7315 shot 0.300mrad wid=0 fnum:14 fnum_noise:0
Altitude(km) W[g/kg] dW[g/kg] R355 dR355 T[K] RO[gm^-3] PZ^2_355 Wsonde[g/kg] dWsonde[g/kg]
0.192370 1.926000e+01 4.872000e-01 -9.990000e+02 -5.973000e+02 2.869000e+02 1.202000e+00 2.806148e+03 0.000000e+00 0.000000e+00
0.267320 1.879000e+01 3.498000e-01 -9.990000e+02 -5.973000e+02 2.864000e+02 1.194000e+00 7.806555e+03 0.000000e+00 0.000000e+00
0.342270 1.885000e+01 3.119000e-01 -9.990000e+02 -5.973000e+02 2.859000e+02 1.185000e+00 1.508547e+04 0.000000e+00 0.000000e+00
0.417210 1.891000e+01 3.016000e-01 -9.990000e+02 -5.973000e+02 2.854000e+02 1.176000e+00 2.356771e+04 0.000000e+00 0.000000e+00
0.492160 1.806000e+01 2.989000e-01 -9.990000e+02 -5.973000e+02 2.849000e+02 1.168000e+00 3.111526e+04 0.000000e+00 0.000000e+00
0.567110 1.817000e+01 3.270000e-01 -9.990000e+02 -5.973000e+02 2.844000e+02 1.159000e+00 3.873697e+04 0.000000e+00 0.000000e+00
0.642060 1.775000e+01 3.739000e-01 -9.990000e+02 -5.973000e+02 2.840000e+02 1.151000e+00 5.414858e+04 0.000000e+00 0.000000e+00
0.717010 1.723000e+01 4.589000e-01 -9.990000e+02 -5.973000e+02 2.835000e+02 1.143000e+00 4.728642e+04 0.000000e+00 0.000000e+00
0.791960 1.799000e+01 5.609000e-01 -9.990000e+02 -5.973000e+02 2.830000e+02 1.134000e+00 3.910707e+04 0.000000e+00 0.000000e+00
0.866900 1.633000e+01 6.234000e-01 -9.990000e+02 -5.973000e+02 2.825000e+02 1.126000e+00 3.629974e+04 0.000000e+00 0.000000e+00
0.941850 1.687000e+01 7.596000e-01 -9.990000e+02 -5.973000e+02 2.820000e+02 1.118000e+00 5.496716e+04 0.000000e+00 0.000000e+00
1.016800 1.558000e+01 1.016000e+00 -9.990000e+02 -5.973000e+02 2.815000e+02 1.110000e+00 8.915724e+04 0.000000e+00 0.000000e+00
1.129220 1.686000e+01 1.346000e+00 -9.990000e+02 -4.611000e+02 2.808000e+02 1.098000e+00 6.303489e+04 0.000000e+00 0.000000e+00
1.279120 1.179000e+01 3.376000e+00 -9.990000e+02 -4.611000e+02 2.798000e+02 1.081000e+00 5.139870e+04 0.000000e+00 0.000000e+00
1.429010 1.608000e+01 9.550000e+00 -9.990000e+02 -4.612000e+02 2.788000e+02 1.065000e+00 1.468464e+04 0.000000e+00 0.000000e+00
1.578910 -9.990000e+02 -9.990000e+11 -9.990000e+02 -4.612000e+02 2.779000e+02 1.050000e+00 1.812128e+04 0.000000e+00 0.000000e+00
1.728810 -9.990000e+02 -9.990000e+11 -9.990000e+02 -4.613000e+02 2.769000e+02 1.034000e+00 8.287339e+03 0.000000e+00 0.000000e+00
1.878700 -9.990000e+02 -8.033000e+104 -9.990000e+02 -5.231000e+02 2.759000e+02 1.019000e+00 2.470790e+01 0.000000e+00 0.000000e+00
2.028600 -9.990000e+02 -8.033000e+104 -9.990000e+02 -5.902000e+02 2.750000e+02 1.004000e+00 1.028851e+01 0.000000e+00 0.000000e+00
2.178500 -9.990000e+02 -9.990000e+11 -9.990000e+02 -5.559000e+02 2.740000e+02 9.885000e-01 1.898441e+01 0.000000e+00 0.000000e+00
2.328390 6.750000e+00 1.243000e+02 -9.990000e+02 -5.763000e+02 2.730000e+02 9.735000e-01 1.626501e+01 0.000000e+00 0.000000e+00
2.478290 -9.990000e+02 -9.990000e+11 -9.990000e+02 -6.081000e+02 2.720000e+02 9.588000e-01 1.228445e+01 0.000000e+00 0.000000e+00
2.628180 -9.990000e+02 -8.033000e+104 -9.990000e+02 -6.081000e+02 2.711000e+02 9.443000e-01 1.381536e+01 0.000000e+00 0.000000e+00
2.778080 -9.990000e+02 -9.990000e+11 -9.990000e+02 -5.651000e+02 2.701000e+02 9.300000e-01 2.701354e+01 0.000000e+00 0.000000e+00
2.927980 1.034000e+01 1.306000e+02 -9.990000e+02 -6.081000e+02 2.691000e+02 9.159000e-01 1.714703e+01 0.000000e+00 0.000000e+00
3.077870 3.292000e+02 6.358000e+02 -9.990000e+02 -6.519000e+02 2.682000e+02 9.019000e-01 0.000000e+00 0.000000e+00 0.000000e+00
3.227770 3.320000e+103 1.348000e+205 -9.990000e+02 -6.519000e+02 2.672000e+02 8.879000e-01 5.209515e+00 0.000000e+00 0.000000e+00
3.377670 1.455000e+02 3.575000e+02 -9.990000e+02 -5.482000e+02 2.662000e+02 8.742000e-01 5.134206e+01 0.000000e+00 0.000000e+00
3.527560 -9.990000e+02 -8.033000e+104 -9.990000e+02 -1.311000e+01 2.652000e+02 8.607000e-01 0.000000e+00 0.000000e+00 0.000000e+00
3.677460 -9.990000e+02 -8.999000e+104 -9.990000e+02 -5.763000e+02 2.642000e+02 8.473000e-01 4.057351e+01 0.000000e+00 0.000000e+00
3.827350 -9.990000e+02 -8.033000e+104 -9.990000e+02 -5.651000e+02 2.633000e+02 8.342000e-01 5.127322e+01 0.000000e+00 0.000000e+00
3.977250 1.115000e+103 4.529000e+204 -9.990000e+02 -6.081000e+02 2.623000e+02 8.213000e-01 3.163885e+01 0.000000e+00 0.000000e+00
4.127150 -9.990000e+02 -8.033000e+104 -9.990000e+02 -6.318000e+02 2.613000e+02 8.083000e-01 2.555151e+01 0.000000e+00 0.000000e+00
4.277040 -9.990000e+02 -8.033000e+104 -9.990000e+02 -5.763000e+02 2.604000e+02 7.955000e-01 5.488254e+01 0.000000e+00 0.000000e+00
4.426940 2.711000e+01 1.360000e+02 -9.990000e+02 -5.902000e+02 2.594000e+02 7.829000e-01 4.899743e+01 0.000000e+00 0.000000e+00
4.576830 2.020000e+103 8.203000e+204 -9.990000e+02 -5.651000e+02 2.584000e+02 7.704000e-01 7.332040e+01 0.000000e+00 0.000000e+00
4.726730 -9.990000e+02 -8.033000e+104 -9.990000e+02 -6.081000e+02 2.574000e+02 7.582000e-01 4.468661e+01 0.000000e+00 0.000000e+00
4.876630 -9.990000e+02 -8.999000e+104 -9.990000e+02 -6.318000e+02 2.565000e+02 7.462000e-01 3.567438e+01 0.000000e+00 0.000000e+00
5.026520 -9.990000e+02 -8.033000e+104 -9.990000e+02 -5.651000e+02 2.555000e+02 7.343000e-01 8.843629e+01 0.000000e+00 0.000000e+00
5.176420 9.684000e+02 7.203000e+03 -9.990000e+02 -6.318000e+02 2.545000e+02 7.224000e-01 4.019538e+01 0.000000e+00 0.000000e+00
5.326320 3.072000e+02 1.574000e+03 -9.990000e+02 -6.081000e+02 2.535000e+02 7.106000e-01 5.674282e+01 0.000000e+00 0.000000e+00
5.476210 2.674000e+103 1.086000e+205 -9.990000e+02 -6.318000e+02 2.526000e+02 6.990000e-01 4.498602e+01 0.000000e+00 0.000000e+00
5.626110 -9.990000e+02 -8.033000e+104 -9.990000e+02 -5.902000e+02 2.516000e+02 6.877000e-01 7.913773e+01 0.000000e+00 0.000000e+00
5.776000 -9.990000e+02 -8.999000e+104 -9.990000e+02 -5.763000e+02 2.506000e+02 6.765000e-01 1.000929e+02 0.000000e+00 0.000000e+00
5.925900 1.164000e+103 4.725000e+204 -9.990000e+02 -6.318000e+02 2.497000e+02 6.655000e-01 5.267765e+01 0.000000e+00 0.000000e+00
6.075800 5.017000e+102 2.037000e+204 -9.990000e+02 -6.081000e+02 2.487000e+02 6.545000e-01 7.383527e+01 0.000000e+00 0.000000e+00
6.225690 -9.990000e+02 -8.033000e+104 -9.990000e+02 -5.559000e+02 2.477000e+02 6.436000e-01 1.550472e+02 0.000000e+00 0.000000e+00
6.375590 2.122000e+103 8.614000e+204 -9.990000e+02 -6.519000e+02 2.467000e+02 6.329000e-01 0.000000e+00 0.000000e+00 0.000000e+00
6.525490 -9.990000e+02 -8.033000e+104 -9.990000e+02 -6.519000e+02 2.458000e+02 6.223000e-01 2.129228e+01 0.000000e+00 0.000000e+00
6.675380 5.909000e+00 1.367000e+03 -9.990000e+02 -6.519000e+02 2.448000e+02 6.119000e-01 4.456340e+01 0.000000e+00 0.000000e+00
6.825280 4.262000e+02 1.242000e+03 -9.990000e+02 -6.318000e+02 2.438000e+02 6.017000e-01 6.988101e+01 0.000000e+00 0.000000e+00
6.975170 8.343000e+103 3.387000e+205 -9.990000e+02 -6.318000e+02 2.429000e+02 5.917000e-01 7.298404e+01 0.000000e+00 0.000000e+00
7.125070 -9.990000e+02 -8.033000e+104 -9.990000e+02 -6.081000e+02 2.419000e+02 5.816000e-01 1.015397e+02 0.000000e+00 0.000000e+00
7.274970 3.311000e+02 1.144000e+03 -9.990000e+02 -6.318000e+02 2.409000e+02 5.716000e-01 7.939275e+01 0.000000e+00 0.000000e+00
7.424860 3.426000e+103 1.391000e+205 -9.990000e+02 -6.519000e+02 2.399000e+02 5.618000e-01 5.513193e+01 0.000000e+00 0.000000e+00
7.574760 3.895000e+02 9.474000e+02 -9.990000e+02 -5.903000e+02 2.389000e+02 5.522000e-01 1.434518e+02 0.000000e+00 0.000000e+00
7.724660 1.692000e+103 6.868000e+204 -9.990000e+02 -5.651000e+02 2.380000e+02 5.427000e-01 2.088604e+02 0.000000e+00 0.000000e+00
7.874550 6.766000e+102 2.747000e+204 -9.990000e+02 -5.482000e+02 2.370000e+02 5.334000e-01 2.790579e+02 0.000000e+00 0.000000e+00
8.024450 2.405000e+103 9.764000e+204 -9.990000e+02 -6.519000e+02 2.361000e+02 5.243000e-01 3.219786e+01 0.000000e+00 0.000000e+00
8.174340 -9.990000e+02 -8.033000e+104 -9.990000e+02 -6.318000e+02 2.351000e+02 5.150000e-01 1.002361e+02 0.000000e+00 0.000000e+00
8.324240 3.778000e+102 1.534000e+204 -9.990000e+02 -6.318000e+02 2.341000e+02 5.060000e-01 1.039461e+02 0.000000e+00 0.000000e+00
8.474140 1.371000e+01 1.737000e+02 -9.990000e+02 -6.318000e+02 2.331000e+02 4.971000e-01 1.077234e+02 0.000000e+00 0.000000e+00
8.624030 5.730000e+103 2.327000e+205 -9.990000e+02 -6.519000e+02 2.321000e+02 4.883000e-01 7.437854e+01 0.000000e+00 0.000000e+00
8.773930 8.527000e+102 3.462000e+204 -9.990000e+02 -6.519000e+02 2.312000e+02 4.797000e-01 0.000000e+00 0.000000e+00 0.000000e+00
8.923830 -9.990000e+02 -8.999000e+104 -9.990000e+02 -6.519000e+02 2.302000e+02 4.713000e-01 7.963973e+01 0.000000e+00 0.000000e+00
9.073720 3.887000e+01 1.695000e+02 -9.990000e+02 -6.519000e+02 2.292000e+02 4.629000e-01 0.000000e+00 0.000000e+00 0.000000e+00
9.223620 5.593000e+01 9.344000e+01 -9.990000e+02 -6.318000e+02 2.283000e+02 4.545000e-01 1.276209e+02 0.000000e+00 0.000000e+00
9.373510 2.631000e+103 1.068000e+205 -9.990000e+02 -6.081000e+02 2.273000e+02 4.463000e-01 1.757368e+02 0.000000e+00 0.000000e+00
9.523410 1.129000e+02 2.322000e+02 -9.990000e+02 -6.519000e+02 2.263000e+02 4.382000e-01 9.070106e+01 0.000000e+00 0.000000e+00
9.673310 2.154000e+103 8.745000e+204 -9.990000e+02 -6.519000e+02 2.253000e+02 4.303000e-01 9.357883e+01 0.000000e+00 0.000000e+00
9.823200 2.804000e+103 1.139000e+205 -9.990000e+02 -6.318000e+02 2.244000e+02 4.225000e-01 1.447522e+02 0.000000e+00 0.000000e+00
