2021/07/09 10:15:10-10:29:09 JST
fH2O= 58.55 /mnt/d/data/Na210709/10/Na102809.(00-0d)25ns 24000/40bin dz149.90 8330 shot 1.000mrad wid=0 fnum:14 fnum_noise:0
Altitude(km) W[g/kg] dW[g/kg] R355 dR355 T[K] RO[gm^-3] PZ^2_355 Wsonde[g/kg] dWsonde[g/kg]
0.190370 1.763000e+01 4.866000e-01 1.815000e-02 2.676000e-03 2.869000e+02 1.203000e+00 2.029066e+03 0.000000e+00 0.000000e+00
0.265320 1.680000e+01 3.955000e-01 4.102000e-02 5.884000e-03 2.864000e+02 1.194000e+00 4.466296e+03 0.000000e+00 0.000000e+00
0.340270 1.722000e+01 3.893000e-01 7.024000e-02 9.808000e-03 2.859000e+02 1.185000e+00 7.478211e+03 0.000000e+00 0.000000e+00
0.415210 1.753000e+01 4.149000e-01 1.110000e-01 1.511000e-02 2.854000e+02 1.177000e+00 1.157879e+04 0.000000e+00 0.000000e+00
0.490160 1.705000e+01 4.426000e-01 1.717000e-01 2.284000e-02 2.849000e+02 1.168000e+00 1.756118e+04 0.000000e+00 0.000000e+00
0.565110 1.592000e+01 4.729000e-01 2.303000e-01 3.002000e-02 2.845000e+02 1.160000e+00 2.311280e+04 0.000000e+00 0.000000e+00
0.640060 1.603000e+01 5.645000e-01 3.952000e-01 5.086000e-02 2.840000e+02 1.151000e+00 3.893806e+04 0.000000e+00 0.000000e+00
0.715010 1.626000e+01 7.458000e-01 5.660000e-01 7.235000e-02 2.835000e+02 1.143000e+00 5.476835e+04 0.000000e+00 0.000000e+00
0.789960 1.565000e+01 9.756000e-01 4.022000e-01 5.077000e-02 2.830000e+02 1.135000e+00 3.822526e+04 0.000000e+00 0.000000e+00
0.864900 1.609000e+01 1.217000e+00 2.652000e-01 3.285000e-02 2.825000e+02 1.126000e+00 2.476605e+04 0.000000e+00 0.000000e+00
0.939850 1.544000e+01 1.461000e+00 2.217000e-01 2.687000e-02 2.820000e+02 1.118000e+00 2.035096e+04 0.000000e+00 0.000000e+00
1.014800 1.630000e+01 1.685000e+00 2.264000e-01 2.682000e-02 2.815000e+02 1.110000e+00 2.042159e+04 0.000000e+00 0.000000e+00
1.127220 1.487000e+01 1.477000e+00 2.062000e-01 2.928000e-02 2.808000e+02 1.098000e+00 2.052922e+04 0.000000e+00 0.000000e+00
1.277120 1.379000e+01 1.962000e+00 2.198000e-01 2.920000e-02 2.798000e+02 1.082000e+00 2.115066e+04 0.000000e+00 0.000000e+00
1.427010 1.534000e+01 2.557000e+00 2.381000e-01 2.946000e-02 2.788000e+02 1.066000e+00 2.215168e+04 0.000000e+00 0.000000e+00
1.576910 1.132000e+01 3.150000e+00 2.633000e-01 3.025000e-02 2.779000e+02 1.050000e+00 2.369325e+04 0.000000e+00 0.000000e+00
1.726810 1.303000e+01 3.933000e+00 3.001000e-01 3.196000e-02 2.769000e+02 1.034000e+00 2.612729e+04 0.000000e+00 0.000000e+00
1.876700 1.281000e+01 5.086000e+00 3.408000e-01 3.365000e-02 2.759000e+02 1.019000e+00 2.871529e+04 0.000000e+00 0.000000e+00
2.026600 1.572000e+01 6.148000e+00 3.821000e-01 3.500000e-02 2.750000e+02 1.004000e+00 3.117124e+04 0.000000e+00 0.000000e+00
2.176500 1.262000e+01 7.364000e+00 4.309000e-01 3.676000e-02 2.740000e+02 9.887000e-01 3.403616e+04 0.000000e+00 0.000000e+00
2.326390 1.509000e+01 8.659000e+00 4.673000e-01 3.718000e-02 2.730000e+02 9.737000e-01 3.574324e+04 0.000000e+00 0.000000e+00
2.476290 1.825000e+01 1.051000e+01 5.126000e-01 3.822000e-02 2.720000e+02 9.590000e-01 3.797474e+04 0.000000e+00 0.000000e+00
2.626180 1.159000e+01 1.210000e+01 5.620000e-01 3.957000e-02 2.711000e+02 9.445000e-01 4.034171e+04 0.000000e+00 0.000000e+00
2.776080 4.697000e+00 1.250000e+01 6.192000e-01 4.161000e-02 2.701000e+02 9.302000e-01 4.307418e+04 0.000000e+00 0.000000e+00
2.925980 6.889000e-01 1.727000e+01 6.808000e-01 4.421000e-02 2.691000e+02 9.161000e-01 4.591036e+04 0.000000e+00 0.000000e+00
3.075870 4.519000e+01 2.347000e+01 7.480000e-01 4.752000e-02 2.682000e+02 9.021000e-01 4.889924e+04 0.000000e+00 0.000000e+00
3.225770 1.771000e+01 2.467000e+01 8.436000e-01 5.315000e-02 2.672000e+02 8.881000e-01 5.346910e+04 0.000000e+00 0.000000e+00
3.375670 2.878000e+00 2.086000e+01 9.089000e-01 5.713000e-02 2.662000e+02 8.744000e-01 5.586985e+04 0.000000e+00 0.000000e+00
3.525560 2.166000e-01 3.014000e+01 1.037000e+00 6.498000e-02 2.652000e+02 8.608000e-01 6.166861e+04 0.000000e+00 0.000000e+00
3.675460 1.779000e+01 3.686000e+01 1.156000e+00 7.167000e-02 2.643000e+02 8.475000e-01 6.601425e+04 0.000000e+00 0.000000e+00
3.825350 3.189000e+01 3.676000e+01 1.269000e+00 7.657000e-02 2.633000e+02 8.344000e-01 6.906093e+04 0.000000e+00 0.000000e+00
3.975250 4.599000e+01 4.642000e+01 1.435000e+00 8.072000e-02 2.623000e+02 8.215000e-01 7.371217e+04 0.000000e+00 0.000000e+00
4.125150 -9.990000e+02 -2.179000e+105 1.567000e+00 7.675000e-02 2.613000e+02 8.085000e-01 7.532252e+04 0.000000e+00 0.000000e+00
4.275040 1.936000e+00 5.497000e+01 1.642000e+00 6.293000e-02 2.604000e+02 7.957000e-01 7.358906e+04 0.000000e+00 0.000000e+00
4.424940 5.819000e+00 6.384000e+01 1.537000e+00 4.511000e-02 2.594000e+02 7.830000e-01 6.467168e+04 0.000000e+00 0.000000e+00
4.574830 -9.990000e+02 -2.179000e+105 1.267000e+00 3.495000e-02 2.584000e+02 7.706000e-01 5.098001e+04 0.000000e+00 0.000000e+00
4.724730 1.047000e+02 9.438000e+01 1.000000e+00 1.312000e-02 2.574000e+02 7.584000e-01 3.912993e+04 0.000000e+00 0.000000e+00
4.874630 2.330000e+02 9.625000e+02 1.910000e+00 9.350000e-02 2.565000e+02 7.463000e-01 6.870885e+04 0.000000e+00 0.000000e+00
5.024520 1.062000e+104 1.082000e+206 1.009000e+00 5.133000e-02 2.555000e+02 7.345000e-01 3.533037e+04 0.000000e+00 0.000000e+00
5.174420 7.509000e+103 7.649000e+205 2.435000e-01 1.695000e-02 2.545000e+02 7.225000e-01 8.425674e+03 0.000000e+00 0.000000e+00
5.324320 3.691000e+01 1.669000e+02 7.430000e-02 7.368000e-03 2.536000e+02 7.108000e-01 2.636973e+03 0.000000e+00 0.000000e+00
5.474210 3.402000e+01 1.044000e+02 6.280000e-03 1.109000e-03 2.526000e+02 6.992000e-01 4.045866e+02 0.000000e+00 0.000000e+00
5.624110 -9.990000e+02 -2.179000e+105 1.221000e-03 2.503000e-04 2.516000e+02 6.878000e-01 2.530628e+02 0.000000e+00 0.000000e+00
5.774000 9.369000e+01 2.222000e+02 5.516000e-104 1.191000e-104 2.506000e+02 6.766000e-01 1.667064e+02 0.000000e+00 0.000000e+00
5.923900 -9.990000e+02 -2.179000e+105 5.971000e-104 1.310000e-104 2.497000e+02 6.656000e-01 2.281176e+02 0.000000e+00 0.000000e+00
6.073800 2.521000e+02 5.824000e+02 6.454000e-104 1.439000e-104 2.487000e+02 6.547000e-01 1.660206e+02 0.000000e+00 0.000000e+00
6.223690 -9.990000e+02 -2.405000e+105 5.854000e-03 1.206000e-03 2.477000e+02 6.437000e-01 4.261104e+02 0.000000e+00 0.000000e+00
6.373590 4.548000e+103 4.632000e+205 5.561000e-03 1.175000e-03 2.467000e+02 6.330000e-01 4.265704e+02 0.000000e+00 0.000000e+00
6.523490 -9.990000e+02 -2.179000e+105 8.092000e-104 1.879000e-104 2.458000e+02 6.224000e-01 2.340734e+02 0.000000e+00 0.000000e+00
6.673380 -9.990000e+02 -2.405000e+105 8.181000e-03 1.750000e-03 2.448000e+02 6.121000e-01 5.121813e+02 0.000000e+00 0.000000e+00
6.823280 -9.990000e+02 -2.179000e+105 1.309000e-03 3.061000e-04 2.438000e+02 6.018000e-01 3.492036e+02 0.000000e+00 0.000000e+00
6.973170 -9.990000e+02 -2.405000e+105 1.043000e-02 2.275000e-03 2.429000e+02 5.918000e-01 5.835478e+02 0.000000e+00 0.000000e+00
7.123070 3.344000e+03 4.431000e+04 1.119000e-02 2.469000e-03 2.419000e+02 5.817000e-01 6.089062e+02 0.000000e+00 0.000000e+00
7.272970 4.829000e+01 6.369000e+01 1.613000e-03 3.893000e-04 2.409000e+02 5.717000e-01 3.967492e+02 0.000000e+00 0.000000e+00
7.422860 -9.990000e+02 -2.179000e+105 4.193000e-03 1.002000e-03 2.399000e+02 5.620000e-01 4.683750e+02 0.000000e+00 0.000000e+00
7.572760 7.368000e+103 7.505000e+205 1.846000e-03 4.537000e-04 2.390000e+02 5.523000e-01 4.301313e+02 0.000000e+00 0.000000e+00
7.722660 1.048000e+02 1.975000e+02 1.408000e-103 3.542000e-104 2.380000e+02 5.429000e-01 2.982179e+02 0.000000e+00 0.000000e+00
7.872550 3.575000e+03 1.368000e+05 1.503000e-103 3.809000e-104 2.370000e+02 5.336000e-01 4.028795e+02 0.000000e+00 0.000000e+00
8.022450 1.453000e+02 3.370000e+03 8.651000e-03 2.104000e-03 2.361000e+02 5.244000e-01 6.114638e+02 0.000000e+00 0.000000e+00
8.172340 -9.990000e+02 -2.405000e+105 1.093000e-02 2.658000e-03 2.351000e+02 5.152000e-01 6.679232e+02 0.000000e+00 0.000000e+00
8.322240 2.753000e+103 2.804000e+205 1.818000e-103 4.708000e-104 2.341000e+02 5.061000e-01 4.502202e+02 0.000000e+00 0.000000e+00
8.472140 -9.990000e+02 -2.179000e+105 1.934000e-103 5.042000e-104 2.331000e+02 4.972000e-01 4.665851e+02 0.000000e+00 0.000000e+00
8.622030 3.546000e+01 2.435000e+02 6.993000e-03 1.779000e-03 2.322000e+02 4.884000e-01 6.319324e+02 0.000000e+00 0.000000e+00
8.771930 -9.990000e+02 -2.179000e+105 8.740000e-04 2.297000e-04 2.312000e+02 4.798000e-01 5.386665e+02 0.000000e+00 0.000000e+00
8.921830 1.179000e+02 1.984000e+02 5.567000e-03 1.445000e-03 2.302000e+02 4.714000e-01 6.368398e+02 0.000000e+00 0.000000e+00
9.071720 -9.990000e+02 -2.179000e+105 2.461000e-103 6.564000e-104 2.293000e+02 4.630000e-01 4.938116e+02 0.000000e+00 0.000000e+00
9.221620 2.461000e+02 4.429000e+02 2.611000e-103 6.998000e-104 2.283000e+02 4.546000e-01 5.527888e+02 0.000000e+00 0.000000e+00
9.371510 -9.990000e+02 -2.179000e+105 2.767000e-103 7.454000e-104 2.273000e+02 4.464000e-01 5.709052e+02 0.000000e+00 0.000000e+00
9.521410 8.688000e+101 8.850000e+203 2.755000e-02 6.957000e-03 2.263000e+02 4.383000e-01 1.042643e+03 0.000000e+00 0.000000e+00
9.671310 9.006000e+103 9.174000e+205 3.103000e-103 8.432000e-104 2.254000e+02 4.304000e-01 4.209331e+02 0.000000e+00 0.000000e+00
9.821200 -9.990000e+02 -2.179000e+105 3.282000e-103 8.959000e-104 2.244000e+02 4.226000e-01 4.823137e+02 0.000000e+00 0.000000e+00
