2021/07/09 06:00:00-06:13:52 JST
fH2O= 62.19 /media/data/L0/Ko210709/06/Ko061300.(00-0d)25ns 24000/40bin dz149.90 7313 shot 0.300mrad wid=0 fnum:14 fnum_noise:0
Altitude(km) W[g/kg] dW[g/kg] R355 dR355 T[K] RO[gm^-3] PZ^2_355 Wsonde[g/kg] dWsonde[g/kg]
0.192370 1.901000e+01 3.934000e-01 -9.990000e+02 -1.053000e+03 2.869000e+02 1.202000e+00 3.143018e+03 0.000000e+00 0.000000e+00
0.267320 1.916000e+01 3.094000e-01 -9.990000e+02 -1.053000e+03 2.864000e+02 1.194000e+00 8.715049e+03 0.000000e+00 0.000000e+00
0.342270 1.893000e+01 2.906000e-01 -9.990000e+02 -1.053000e+03 2.859000e+02 1.185000e+00 1.847791e+04 0.000000e+00 0.000000e+00
0.417210 1.874000e+01 2.978000e-01 -9.990000e+02 -1.053000e+03 2.854000e+02 1.176000e+00 2.845981e+04 0.000000e+00 0.000000e+00
0.492160 1.802000e+01 3.131000e-01 -9.990000e+02 -1.053000e+03 2.849000e+02 1.168000e+00 2.890603e+04 0.000000e+00 0.000000e+00
0.567110 1.768000e+01 3.523000e-01 -9.990000e+02 -1.053000e+03 2.844000e+02 1.159000e+00 3.508256e+04 0.000000e+00 0.000000e+00
0.642060 1.687000e+01 3.984000e-01 -9.990000e+02 -1.053000e+03 2.840000e+02 1.151000e+00 3.453122e+04 0.000000e+00 0.000000e+00
0.717010 1.681000e+01 4.605000e-01 -9.990000e+02 -1.053000e+03 2.835000e+02 1.143000e+00 2.824096e+04 0.000000e+00 0.000000e+00
0.791960 1.681000e+01 5.277000e-01 -9.990000e+02 -1.053000e+03 2.830000e+02 1.134000e+00 2.590281e+04 0.000000e+00 0.000000e+00
0.866900 1.627000e+01 6.255000e-01 -9.990000e+02 -1.053000e+03 2.825000e+02 1.126000e+00 2.987479e+04 0.000000e+00 0.000000e+00
0.941850 1.656000e+01 7.617000e-01 -9.990000e+02 -1.053000e+03 2.820000e+02 1.118000e+00 3.872764e+04 0.000000e+00 0.000000e+00
1.016800 1.531000e+01 9.833000e-01 -9.990000e+02 -1.053000e+03 2.815000e+02 1.110000e+00 4.829255e+04 0.000000e+00 0.000000e+00
1.129220 1.369000e+01 1.126000e+00 -nan nan 2.808000e+02 1.098000e+00 2.444992e+04 0.000000e+00 0.000000e+00
1.279120 1.200000e+01 1.672000e+00 -nan nan 2.798000e+02 1.081000e+00 3.493140e+03 0.000000e+00 0.000000e+00
1.429010 1.098000e+01 1.987000e+00 -nan nan 2.788000e+02 1.065000e+00 3.180182e+03 0.000000e+00 0.000000e+00
1.578910 8.984000e+00 2.425000e+00 -nan nan 2.779000e+02 1.050000e+00 2.953158e+03 0.000000e+00 0.000000e+00
1.728810 1.352000e+01 3.093000e+00 -nan nan 2.769000e+02 1.034000e+00 3.062992e+03 0.000000e+00 0.000000e+00
1.878700 1.383000e+01 3.943000e+00 -nan nan 2.759000e+02 1.019000e+00 3.041219e+03 0.000000e+00 0.000000e+00
2.028600 7.928000e+00 4.820000e+00 -nan nan 2.750000e+02 1.004000e+00 2.810885e+03 0.000000e+00 0.000000e+00
2.178500 1.184000e+01 5.218000e+00 -nan nan 2.740000e+02 9.885000e-01 2.853759e+03 0.000000e+00 0.000000e+00
2.328390 1.271000e+01 7.770000e+00 -nan nan 2.730000e+02 9.735000e-01 3.236700e+04 0.000000e+00 0.000000e+00
2.478290 6.708000e+00 1.709000e+01 -nan nan 2.720000e+02 9.588000e-01 2.545175e+03 0.000000e+00 0.000000e+00
2.628180 1.764000e+01 1.688000e+01 -nan nan 2.711000e+02 9.443000e-01 7.231566e+03 0.000000e+00 0.000000e+00
2.778080 -9.990000e+02 -9.990000e+11 -nan nan 2.701000e+02 9.300000e-01 8.111029e+03 0.000000e+00 0.000000e+00
2.927980 -9.990000e+02 -3.070000e+104 -nan nan 2.691000e+02 9.159000e-01 2.539395e+03 0.000000e+00 0.000000e+00
3.077870 1.223000e+02 2.375000e+02 -nan nan 2.682000e+02 9.019000e-01 1.444338e+04 0.000000e+00 0.000000e+00
3.227770 -9.990000e+02 -3.070000e+104 -nan nan 2.672000e+02 8.879000e-01 1.631135e+03 0.000000e+00 0.000000e+00
3.377670 -9.990000e+02 -3.451000e+104 -nan nan 2.662000e+02 8.742000e-01 2.281857e+01 0.000000e+00 0.000000e+00
3.527560 -9.990000e+02 -3.451000e+104 -nan nan 2.652000e+02 8.607000e-01 1.244434e+01 0.000000e+00 0.000000e+00
3.677460 4.266000e+00 6.103000e+01 -nan nan 2.642000e+02 8.473000e-01 6.762215e+00 0.000000e+00 0.000000e+00
3.827350 -9.990000e+02 -3.451000e+104 -nan nan 2.633000e+02 8.342000e-01 1.464941e+01 0.000000e+00 0.000000e+00
3.977250 5.657000e+01 3.758000e+02 -nan nan 2.623000e+02 8.213000e-01 1.581939e+01 0.000000e+00 0.000000e+00
4.127150 1.354000e+01 1.011000e+02 -nan nan 2.613000e+02 8.083000e-01 1.703431e+01 0.000000e+00 0.000000e+00
4.277040 -9.990000e+02 -3.070000e+104 -nan nan 2.604000e+02 7.955000e-01 9.147039e+00 0.000000e+00 0.000000e+00
4.426940 -9.990000e+02 -3.070000e+104 -nan nan 2.594000e+02 7.829000e-01 9.799443e+00 0.000000e+00 0.000000e+00
4.576830 8.349000e+00 1.197000e+02 -nan nan 2.584000e+02 7.704000e-01 2.094857e+01 0.000000e+00 0.000000e+00
4.726730 4.302000e+102 6.789000e+203 -nan nan 2.574000e+02 7.582000e-01 2.234326e+01 0.000000e+00 0.000000e+00
4.876630 1.933000e+103 3.050000e+204 -nan -nan 2.565000e+02 7.462000e-01 1.189143e+01 0.000000e+00 0.000000e+00
5.026520 3.434000e+01 9.937000e+01 -nan nan 2.555000e+02 7.343000e-01 5.053486e+01 0.000000e+00 0.000000e+00
5.176420 6.182000e+01 9.873000e+01 -nan nan 2.545000e+02 7.224000e-01 2.679689e+01 0.000000e+00 0.000000e+00
5.326320 -9.990000e+02 -3.451000e+104 -nan nan 2.535000e+02 7.106000e-01 1.418566e+01 0.000000e+00 0.000000e+00
5.476210 -9.990000e+02 -3.070000e+104 -nan nan 2.526000e+02 6.990000e-01 2.999064e+01 0.000000e+00 0.000000e+00
5.626110 -9.990000e+02 -3.070000e+104 -nan nan 2.516000e+02 6.877000e-01 6.331013e+01 0.000000e+00 0.000000e+00
5.776000 4.107000e+01 2.607000e+02 -nan nan 2.506000e+02 6.765000e-01 5.004630e+01 0.000000e+00 0.000000e+00
5.925900 9.656000e+102 1.524000e+204 -nan nan 2.497000e+02 6.655000e-01 1.755917e+01 0.000000e+00 0.000000e+00
6.075800 2.399000e+103 3.786000e+204 -nan nan 2.487000e+02 6.545000e-01 9.229420e+01 0.000000e+00 0.000000e+00
6.225690 6.657000e+102 1.051000e+204 -nan nan 2.477000e+02 6.436000e-01 1.938075e+01 0.000000e+00 0.000000e+00
6.375590 -9.990000e+02 -3.451000e+104 -nan nan 2.467000e+02 6.329000e-01 8.130140e+01 0.000000e+00 0.000000e+00
6.525490 3.119000e+03 9.861000e+04 -nan nan 2.458000e+02 6.223000e-01 0.000000e+00 0.000000e+00 0.000000e+00
6.675380 -9.990000e+02 -3.451000e+104 -nan nan 2.448000e+02 6.119000e-01 6.684519e+01 0.000000e+00 0.000000e+00
6.825280 -9.990000e+02 -3.451000e+104 -nan nan 2.438000e+02 6.017000e-01 0.000000e+00 0.000000e+00 0.000000e+00
6.975170 5.444000e+102 8.591000e+203 -nan nan 2.429000e+02 5.917000e-01 7.298404e+01 0.000000e+00 0.000000e+00
7.125070 -9.990000e+02 -3.451000e+104 -nan nan 2.419000e+02 5.816000e-01 5.076973e+01 0.000000e+00 0.000000e+00
7.274970 2.900000e+01 2.219000e+02 -nan nan 2.409000e+02 5.716000e-01 2.646419e+01 0.000000e+00 0.000000e+00
7.424860 -9.990000e+02 -3.451000e+104 -nan nan 2.399000e+02 5.618000e-01 2.756594e+01 0.000000e+00 0.000000e+00
7.574760 -9.990000e+02 -3.070000e+104 -nan nan 2.389000e+02 5.522000e-01 5.738052e+01 0.000000e+00 0.000000e+00
7.724660 -9.990000e+02 -3.070000e+104 -nan nan 2.380000e+02 5.427000e-01 0.000000e+00 0.000000e+00 0.000000e+00
7.874550 -9.990000e+02 -3.451000e+104 -nan nan 2.370000e+02 5.334000e-01 3.100616e+01 0.000000e+00 0.000000e+00
8.024450 -9.990000e+02 -3.451000e+104 -nan nan 2.361000e+02 5.243000e-01 1.287919e+02 0.000000e+00 0.000000e+00
8.174340 -9.990000e+02 -3.070000e+104 -nan nan 2.351000e+02 5.150000e-01 3.341196e+01 0.000000e+00 0.000000e+00
8.324240 -9.990000e+02 -3.451000e+104 -nan nan 2.341000e+02 5.060000e-01 1.039461e+02 0.000000e+00 0.000000e+00
8.474140 1.642000e+02 3.069000e+02 -nan nan 2.331000e+02 4.971000e-01 7.181553e+01 0.000000e+00 0.000000e+00
8.624030 -9.990000e+02 -3.070000e+104 -nan nan 2.321000e+02 4.883000e-01 3.718923e+01 0.000000e+00 0.000000e+00
8.773930 -9.990000e+02 -3.451000e+104 -nan nan 2.312000e+02 4.797000e-01 7.698666e+01 0.000000e+00 0.000000e+00
8.923830 -9.990000e+02 -3.070000e+104 -nan nan 2.302000e+02 4.713000e-01 3.981983e+01 0.000000e+00 0.000000e+00
9.073720 3.629000e+102 5.728000e+203 -nan nan 2.292000e+02 4.629000e-01 4.116874e+01 0.000000e+00 0.000000e+00
9.223620 1.858000e+102 2.932000e+203 -nan nan 2.283000e+02 4.545000e-01 0.000000e+00 0.000000e+00 0.000000e+00
9.373510 -9.990000e+02 -3.070000e+104 -nan nan 2.273000e+02 4.463000e-01 0.000000e+00 0.000000e+00 0.000000e+00
9.523410 3.604000e+103 5.687000e+204 -nan nan 2.263000e+02 4.382000e-01 9.070106e+01 0.000000e+00 0.000000e+00
9.673310 -9.990000e+02 -3.451000e+104 -nan nan 2.253000e+02 4.303000e-01 4.678937e+01 0.000000e+00 0.000000e+00
9.823200 1.540000e+103 2.430000e+204 -nan nan 2.244000e+02 4.225000e-01 9.650136e+01 0.000000e+00 0.000000e+00
