2021/07/09 17:30:00-17:43:52 JST
fH2O= 62.19 /media/data/L0/Ko210709/17/Ko174300.(00-0d)25ns 24000/40bin dz149.90 7314 shot 0.300mrad wid=0 fnum:14 fnum_noise:0
Altitude(km) W[g/kg] dW[g/kg] R355 dR355 T[K] RO[gm^-3] PZ^2_355 Wsonde[g/kg] dWsonde[g/kg]
0.192370 1.635000e+01 4.948000e-01 1.017000e-01 2.113000e-02 2.869000e+02 1.202000e+00 1.158004e+03 0.000000e+00 0.000000e+00
0.267320 1.553000e+01 4.936000e-01 1.898000e-01 3.907000e-02 2.864000e+02 1.194000e+00 2.093104e+03 0.000000e+00 0.000000e+00
0.342270 1.540000e+01 4.981000e-01 3.055000e-01 6.242000e-02 2.859000e+02 1.185000e+00 3.282824e+03 0.000000e+00 0.000000e+00
0.417210 1.520000e+01 4.895000e-01 4.516000e-01 9.189000e-02 2.854000e+02 1.176000e+00 4.744400e+03 0.000000e+00 0.000000e+00
0.492160 1.503000e+01 5.070000e-01 6.039000e-01 1.226000e-01 2.849000e+02 1.168000e+00 6.212512e+03 0.000000e+00 0.000000e+00
0.567110 1.432000e+01 5.447000e-01 7.407000e-01 1.502000e-01 2.844000e+02 1.159000e+00 7.469810e+03 0.000000e+00 0.000000e+00
0.642060 1.429000e+01 6.083000e-01 8.384000e-01 1.700000e-01 2.840000e+02 1.151000e+00 8.294145e+03 0.000000e+00 0.000000e+00
0.717010 1.420000e+01 6.844000e-01 9.247000e-01 1.875000e-01 2.835000e+02 1.143000e+00 8.977979e+03 0.000000e+00 0.000000e+00
0.791960 1.444000e+01 7.792000e-01 9.955000e-01 2.019000e-01 2.830000e+02 1.134000e+00 9.490059e+03 0.000000e+00 0.000000e+00
0.866900 1.339000e+01 8.483000e-01 1.026000e+00 2.078000e-01 2.825000e+02 1.126000e+00 9.592319e+03 0.000000e+00 0.000000e+00
0.941850 1.458000e+01 1.001000e+00 1.067000e+00 2.160000e-01 2.820000e+02 1.118000e+00 9.774527e+03 0.000000e+00 0.000000e+00
1.016800 1.313000e+01 1.122000e+00 1.095000e+00 2.214000e-01 2.815000e+02 1.110000e+00 9.815338e+03 0.000000e+00 0.000000e+00
1.129220 1.427000e+01 9.979000e-01 1.061000e+00 2.392000e-01 2.808000e+02 1.098000e+00 9.406417e+03 0.000000e+00 0.000000e+00
1.279120 1.312000e+01 1.231000e+00 9.951000e-01 2.244000e-01 2.798000e+02 1.081000e+00 8.520711e+03 0.000000e+00 0.000000e+00
1.429010 1.253000e+01 1.582000e+00 1.525000e+00 3.373000e-01 2.788000e+02 1.065000e+00 1.207513e+04 0.000000e+00 0.000000e+00
1.578910 1.618000e+01 2.202000e+00 2.074000e+00 4.306000e-01 2.779000e+02 1.050000e+00 1.451374e+04 0.000000e+00 0.000000e+00
1.728810 1.289000e+01 2.590000e+00 1.192000e+00 2.463000e-01 2.769000e+02 1.034000e+00 7.948600e+03 0.000000e+00 0.000000e+00
1.878700 1.781000e+01 3.471000e+00 1.188000e+00 2.440000e-01 2.759000e+02 1.019000e+00 7.548000e+03 0.000000e+00 0.000000e+00
2.028600 1.058000e+01 4.547000e+00 1.460000e+00 2.953000e-01 2.750000e+02 1.004000e+00 8.657270e+03 0.000000e+00 0.000000e+00
2.178500 1.156000e+01 5.453000e+00 3.845000e+00 4.162000e-01 2.740000e+02 9.885000e-01 1.764584e+04 0.000000e+00 0.000000e+00
2.328390 1.466000e+01 6.506000e+00 1.332000e+00 1.433000e-01 2.730000e+02 9.735000e-01 5.776631e+03 0.000000e+00 0.000000e+00
2.478290 2.470000e+00 7.821000e+00 1.387000e+00 1.456000e-01 2.720000e+02 9.588000e-01 5.656052e+03 0.000000e+00 0.000000e+00
2.628180 1.252000e+01 9.603000e+00 2.126000e+00 1.747000e-01 2.711000e+02 9.443000e-01 7.717391e+03 0.000000e+00 0.000000e+00
2.778080 1.550000e+01 1.062000e+01 1.548000e+00 1.203000e-01 2.701000e+02 9.300000e-01 5.232898e+03 0.000000e+00 0.000000e+00
2.927980 1.367000e+01 1.417000e+01 1.259000e+00 9.837000e-02 2.691000e+02 9.159000e-01 4.050865e+03 0.000000e+00 0.000000e+00
3.077870 1.719000e+01 1.627000e+01 1.114000e+00 8.874000e-02 2.682000e+02 9.019000e-01 3.451193e+03 0.000000e+00 0.000000e+00
3.227770 1.727000e+01 1.964000e+01 9.676000e-01 7.952000e-02 2.672000e+02 8.879000e-01 2.908682e+03 0.000000e+00 0.000000e+00
3.377670 2.350000e+01 2.354000e+01 1.006000e+00 8.344000e-02 2.662000e+02 8.742000e-01 2.933822e+03 0.000000e+00 0.000000e+00
3.527560 4.706000e+00 4.006000e+01 1.030000e+00 8.634000e-02 2.652000e+02 8.607000e-01 2.907234e+03 0.000000e+00 0.000000e+00
3.677460 3.433000e-02 2.132000e+01 1.048000e+00 8.894000e-02 2.642000e+02 8.473000e-01 2.861738e+03 0.000000e+00 0.000000e+00
3.827350 1.873000e+00 2.758000e+01 9.494000e-01 8.351000e-02 2.633000e+02 8.342000e-01 2.520642e+03 0.000000e+00 0.000000e+00
3.977250 2.164000e+01 3.104000e+01 1.034000e+00 9.110000e-02 2.623000e+02 8.213000e-01 2.658629e+03 0.000000e+00 0.000000e+00
4.127150 8.715000e-01 2.507000e+01 8.888000e-01 8.231000e-02 2.613000e+02 8.083000e-01 2.223608e+03 0.000000e+00 0.000000e+00
4.277040 3.610000e+00 2.693000e+01 9.491000e-01 8.854000e-02 2.604000e+02 7.955000e-01 2.305687e+03 0.000000e+00 0.000000e+00
4.426940 1.985000e+01 4.056000e+01 9.674000e-01 9.186000e-02 2.594000e+02 7.829000e-01 2.283850e+03 0.000000e+00 0.000000e+00
4.576830 -9.990000e+02 -6.048000e+104 1.000000e+00 1.312000e-02 2.584000e+02 7.704000e-01 2.294413e+03 0.000000e+00 0.000000e+00
4.726730 2.667000e+01 5.172000e+01 1.966000e+00 1.918000e-01 2.574000e+02 7.582000e-01 4.112807e+03 0.000000e+00 0.000000e+00
4.876630 1.076000e+02 9.797000e+01 3.135000e+00 4.270000e-01 2.565000e+02 7.462000e-01 5.603747e+03 0.000000e+00 0.000000e+00
5.026520 -9.990000e+02 -6.048000e+104 3.085000e+00 5.189000e-01 2.555000e+02 7.343000e-01 4.752210e+03 0.000000e+00 0.000000e+00
5.176420 5.774000e+01 6.668000e+01 1.295000e+00 2.346000e-01 2.545000e+02 7.224000e-01 1.929676e+03 0.000000e+00 0.000000e+00
5.326320 1.362000e+02 2.507000e+02 1.859000e+00 3.385000e-01 2.535000e+02 7.106000e-01 2.553918e+03 0.000000e+00 0.000000e+00
5.476210 3.024000e+02 1.068000e+03 2.115000e+00 4.006000e-01 2.526000e+02 6.990000e-01 2.654681e+03 0.000000e+00 0.000000e+00
5.626110 4.964000e+01 6.572000e+01 1.302000e+00 2.617000e-01 2.516000e+02 6.877000e-01 1.582919e+03 0.000000e+00 0.000000e+00
5.776000 -9.990000e+02 -6.048000e+104 1.207000e+00 2.482000e-01 2.506000e+02 6.765000e-01 1.418106e+03 0.000000e+00 0.000000e+00
5.925900 -9.990000e+02 -6.048000e+104 1.329000e+00 2.746000e-01 2.497000e+02 6.655000e-01 1.492667e+03 0.000000e+00 0.000000e+00
6.075800 -9.990000e+02 -6.813000e+104 1.299000e+00 2.736000e-01 2.487000e+02 6.545000e-01 1.402981e+03 0.000000e+00 0.000000e+00
6.225690 -9.990000e+02 -6.048000e+104 1.627000e+00 3.409000e-01 2.477000e+02 6.436000e-01 1.647515e+03 0.000000e+00 0.000000e+00
6.375590 -9.990000e+02 -6.048000e+104 1.444000e+00 3.130000e-01 2.467000e+02 6.329000e-01 1.402549e+03 0.000000e+00 0.000000e+00
6.525490 2.560000e+01 7.188000e+01 1.090000e+00 2.497000e-01 2.458000e+02 6.223000e-01 1.043376e+03 0.000000e+00 0.000000e+00
6.675380 -9.990000e+02 -6.048000e+104 1.571000e+00 3.481000e-01 2.448000e+02 6.119000e-01 1.403841e+03 0.000000e+00 0.000000e+00
6.825280 -9.990000e+02 -6.048000e+104 1.437000e+00 3.286000e-01 2.438000e+02 6.017000e-01 1.234632e+03 0.000000e+00 0.000000e+00
6.975170 -9.990000e+02 -6.048000e+104 1.415000e+00 3.305000e-01 2.429000e+02 5.917000e-01 1.167802e+03 0.000000e+00 0.000000e+00
7.125070 -9.990000e+02 -6.813000e+104 1.483000e+00 3.505000e-01 2.419000e+02 5.816000e-01 1.167760e+03 0.000000e+00 0.000000e+00
7.274970 -9.990000e+02 -6.813000e+104 1.392000e+00 3.386000e-01 2.409000e+02 5.716000e-01 1.058613e+03 0.000000e+00 0.000000e+00
7.424860 5.012000e+01 2.526000e+02 1.394000e+00 3.451000e-01 2.399000e+02 5.618000e-01 1.019980e+03 0.000000e+00 0.000000e+00
7.574760 6.531000e+101 2.050000e+203 1.718000e+00 4.205000e-01 2.389000e+02 5.522000e-01 1.176351e+03 0.000000e+00 0.000000e+00
7.724660 1.496000e+02 4.382000e+02 1.962000e+00 4.839000e-01 2.380000e+02 5.427000e-01 1.253210e+03 0.000000e+00 0.000000e+00
7.874550 -9.990000e+02 -6.048000e+104 1.777000e+00 4.563000e-01 2.370000e+02 5.334000e-01 1.085256e+03 0.000000e+00 0.000000e+00
8.024450 -9.990000e+02 -6.813000e+104 1.973000e+00 5.118000e-01 2.361000e+02 5.243000e-01 1.126967e+03 0.000000e+00 0.000000e+00
8.174340 -9.990000e+02 -6.048000e+104 1.837000e+00 4.943000e-01 2.351000e+02 5.150000e-01 1.002391e+03 0.000000e+00 0.000000e+00
8.324240 -9.990000e+02 -6.813000e+104 3.428000e+00 9.008000e-01 2.341000e+02 5.060000e-01 1.593914e+03 0.000000e+00 0.000000e+00
8.474140 -9.990000e+02 -6.813000e+104 5.077000e+00 1.472000e+00 2.331000e+02 4.971000e-01 1.939130e+03 0.000000e+00 0.000000e+00
8.624030 -9.990000e+02 -6.813000e+104 1.712000e+01 1.189000e+01 2.321000e+02 4.883000e-01 3.384554e+03 0.000000e+00 0.000000e+00
8.773930 5.967000e+02 2.533000e+03 1.000000e+07 1.293000e+40 2.312000e+02 4.797000e-01 7.815867e+03 0.000000e+00 0.000000e+00
8.923830 3.026000e+103 9.500000e+204 1.000000e+07 2.587000e+40 2.302000e+02 4.713000e-01 1.322497e+04 0.000000e+00 0.000000e+00
9.073720 -9.990000e+02 -6.813000e+104 1.000000e+07 4.090000e+40 2.292000e+02 4.629000e-01 1.420856e+04 0.000000e+00 0.000000e+00
9.223620 1.182000e+02 2.115000e+02 1.000000e+07 5.784000e+40 2.283000e+02 4.545000e-01 1.600169e+04 0.000000e+00 0.000000e+00
9.373510 1.617000e+01 8.889000e+01 1.000000e+07 7.652000e+40 2.273000e+02 4.463000e-01 1.023924e+04 0.000000e+00 0.000000e+00
9.523410 -9.990000e+02 -6.813000e+104 1.000000e+07 9.679000e+40 2.263000e+02 4.382000e-01 5.987124e+03 0.000000e+00 0.000000e+00
9.673310 -9.990000e+02 -6.813000e+104 1.000000e+07 1.185000e+41 2.253000e+02 4.303000e-01 5.053846e+03 0.000000e+00 0.000000e+00
9.823200 -9.990000e+02 -6.048000e+104 1.000000e+07 1.417000e+41 2.244000e+02 4.225000e-01 4.294720e+03 0.000000e+00 0.000000e+00
