2021/07/10 12:00:56-12:14:55 JST
fH2O= 58.55 /mnt/d/data/Na210710/12/Na121355.(00-0d)25ns 24000/40bin dz149.90 8330 shot 1.000mrad wid=0 fnum:14 fnum_noise:0
Altitude(km) W[g/kg] dW[g/kg] R355 dR355 T[K] RO[gm^-3] PZ^2_355 Wsonde[g/kg] dWsonde[g/kg]
0.190370 1.554000e+01 9.163000e-01 1.272000e-01 2.893000e-02 2.869000e+02 1.203000e+00 2.092702e+03 0.000000e+00 0.000000e+00
0.265320 1.344000e+01 7.946000e-01 2.553000e-01 5.769000e-02 2.864000e+02 1.194000e+00 4.091469e+03 0.000000e+00 0.000000e+00
0.340270 1.381000e+01 8.109000e-01 3.877000e-01 8.723000e-02 2.859000e+02 1.185000e+00 6.076888e+03 0.000000e+00 0.000000e+00
0.415210 1.526000e+01 8.950000e-01 5.240000e-01 1.176000e-01 2.854000e+02 1.177000e+00 8.044660e+03 0.000000e+00 0.000000e+00
0.490160 1.323000e+01 9.769000e-01 6.224000e-01 1.394000e-01 2.849000e+02 1.168000e+00 9.371521e+03 0.000000e+00 0.000000e+00
0.565110 1.257000e+01 1.056000e+00 8.687000e-01 1.945000e-01 2.845000e+02 1.160000e+00 1.283629e+04 0.000000e+00 0.000000e+00
0.640060 1.234000e+01 1.299000e+00 3.006000e+00 6.347000e-01 2.840000e+02 1.151000e+00 3.978083e+04 0.000000e+00 0.000000e+00
0.715010 1.598000e+01 2.233000e+00 6.645000e+00 5.585000e-01 2.835000e+02 1.143000e+00 6.684077e+04 0.000000e+00 0.000000e+00
0.789960 1.264000e+01 3.343000e+00 1.751000e+00 1.402000e-01 2.830000e+02 1.135000e+00 1.673783e+04 0.000000e+00 0.000000e+00
0.864900 1.958000e+01 4.053000e+00 7.045000e-01 5.632000e-02 2.825000e+02 1.126000e+00 6.627832e+03 0.000000e+00 0.000000e+00
0.939850 1.528000e+01 4.744000e+00 6.105000e-01 4.832000e-02 2.820000e+02 1.118000e+00 5.649328e+03 0.000000e+00 0.000000e+00
1.014800 2.068000e+01 5.110000e+00 6.378000e-01 4.998000e-02 2.815000e+02 1.110000e+00 5.803101e+03 0.000000e+00 0.000000e+00
1.127220 1.350000e+01 4.455000e+00 6.710000e-01 4.151000e-02 2.808000e+02 1.098000e+00 6.035177e+03 0.000000e+00 0.000000e+00
1.277120 2.128000e+01 6.004000e+00 7.210000e-01 4.283000e-02 2.798000e+02 1.082000e+00 6.273780e+03 0.000000e+00 0.000000e+00
1.427010 1.564000e+01 7.018000e+00 7.657000e-01 4.422000e-02 2.788000e+02 1.066000e+00 6.449834e+03 0.000000e+00 0.000000e+00
1.576910 5.930000e+00 8.696000e+00 8.109000e-01 4.605000e-02 2.779000e+02 1.050000e+00 6.615131e+03 0.000000e+00 0.000000e+00
1.726810 2.010000e+01 1.033000e+01 8.400000e-01 4.725000e-02 2.769000e+02 1.034000e+00 6.640988e+03 0.000000e+00 0.000000e+00
1.876700 7.692000e+00 1.235000e+01 8.667000e-01 4.854000e-02 2.759000e+02 1.019000e+00 6.643207e+03 0.000000e+00 0.000000e+00
2.026600 1.900000e+01 1.559000e+01 8.533000e-01 4.764000e-02 2.750000e+02 1.004000e+00 6.348276e+03 0.000000e+00 0.000000e+00
2.176500 -9.990000e+02 -3.965000e+105 8.759000e-01 4.887000e-02 2.740000e+02 9.887000e-01 6.322336e+03 0.000000e+00 0.000000e+00
2.326390 1.844000e+01 2.394000e+01 9.053000e-01 5.067000e-02 2.730000e+02 9.737000e-01 6.342537e+03 0.000000e+00 0.000000e+00
2.476290 1.614000e+01 2.763000e+01 9.199000e-01 5.181000e-02 2.720000e+02 9.590000e-01 6.259827e+03 0.000000e+00 0.000000e+00
2.626180 1.755000e+01 2.866000e+01 9.199000e-01 5.224000e-02 2.711000e+02 9.445000e-01 6.085650e+03 0.000000e+00 0.000000e+00
2.776080 2.052000e+00 3.329000e+01 9.685000e-01 5.540000e-02 2.701000e+02 9.302000e-01 6.224361e+03 0.000000e+00 0.000000e+00
2.925980 2.085000e+01 2.936000e+01 9.669000e-01 5.598000e-02 2.691000e+02 9.161000e-01 6.047706e+03 0.000000e+00 0.000000e+00
3.075870 1.022000e+01 4.071000e+01 9.650000e-01 5.659000e-02 2.682000e+02 9.021000e-01 5.877130e+03 0.000000e+00 0.000000e+00
3.225770 6.652000e+01 1.470000e+02 9.968000e-01 5.906000e-02 2.672000e+02 8.881000e-01 5.906057e+03 0.000000e+00 0.000000e+00
3.375670 -9.990000e+02 -3.965000e+105 1.008000e+00 6.036000e-02 2.662000e+02 8.744000e-01 5.816948e+03 0.000000e+00 0.000000e+00
3.525560 1.187000e+02 1.143000e+02 9.748000e-01 5.945000e-02 2.652000e+02 8.608000e-01 5.492130e+03 0.000000e+00 0.000000e+00
3.675460 2.868000e+01 7.690000e+01 9.735000e-01 6.029000e-02 2.643000e+02 8.475000e-01 5.353509e+03 0.000000e+00 0.000000e+00
3.825350 -9.990000e+02 -3.965000e+105 9.733000e-01 6.122000e-02 2.633000e+02 8.344000e-01 5.227590e+03 0.000000e+00 0.000000e+00
3.975250 9.719000e+01 5.775000e+01 9.745000e-01 6.227000e-02 2.623000e+02 8.215000e-01 5.115277e+03 0.000000e+00 0.000000e+00
4.125150 4.243000e+01 7.986000e+01 9.664000e-01 6.284000e-02 2.613000e+02 8.085000e-01 4.963182e+03 0.000000e+00 0.000000e+00
4.275040 3.046000e+01 2.092000e+02 9.700000e-01 6.408000e-02 2.604000e+02 7.957000e-01 4.873054e+03 0.000000e+00 0.000000e+00
4.424940 1.883000e+01 7.041000e+01 1.019000e+00 6.776000e-02 2.594000e+02 7.830000e-01 4.985599e+03 0.000000e+00 0.000000e+00
4.574830 8.502000e+01 1.311000e+02 1.029000e+00 6.935000e-02 2.584000e+02 7.706000e-01 4.920600e+03 0.000000e+00 0.000000e+00
4.724730 6.144000e+01 1.253000e+02 9.392000e-01 6.539000e-02 2.574000e+02 7.584000e-01 4.444066e+03 0.000000e+00 0.000000e+00
4.874630 1.947000e+02 5.258000e+02 1.000000e+00 1.312000e-02 2.565000e+02 7.463000e-01 4.611635e+03 0.000000e+00 0.000000e+00
5.024520 -9.990000e+02 -3.965000e+105 9.758000e-01 6.981000e-02 2.555000e+02 7.345000e-01 4.432231e+03 0.000000e+00 0.000000e+00
5.174420 5.335000e+00 6.227000e+01 1.036000e+00 7.470000e-02 2.545000e+02 7.225000e-01 4.580072e+03 0.000000e+00 0.000000e+00
5.324320 -9.990000e+02 -3.965000e+105 8.750000e-01 6.646000e-02 2.536000e+02 7.108000e-01 3.899050e+03 0.000000e+00 0.000000e+00
5.474210 3.306000e+01 5.019000e+01 9.476000e-01 7.207000e-02 2.526000e+02 6.992000e-01 4.106681e+03 0.000000e+00 0.000000e+00
5.624110 -9.990000e+02 -3.965000e+105 9.796000e-01 7.523000e-02 2.516000e+02 6.878000e-01 4.160609e+03 0.000000e+00 0.000000e+00
5.774000 1.354000e+02 3.424000e+02 8.970000e-01 7.131000e-02 2.506000e+02 6.766000e-01 3.818298e+03 0.000000e+00 0.000000e+00
5.923900 -9.990000e+02 -4.368000e+105 9.132000e-01 7.354000e-02 2.497000e+02 6.656000e-01 3.826034e+03 0.000000e+00 0.000000e+00
6.073800 5.857000e+103 1.074000e+206 8.055000e-01 6.775000e-02 2.487000e+02 6.547000e-01 3.431617e+03 0.000000e+00 0.000000e+00
6.223690 3.774000e+01 1.101000e+02 9.678000e-01 7.976000e-02 2.477000e+02 6.437000e-01 3.913077e+03 0.000000e+00 0.000000e+00
6.373590 5.752000e+01 1.034000e+02 1.102000e+00 9.021000e-02 2.467000e+02 6.330000e-01 4.266401e+03 0.000000e+00 0.000000e+00
6.523490 1.274000e+02 3.651000e+02 1.237000e+00 1.014000e-01 2.458000e+02 6.224000e-01 4.575880e+03 0.000000e+00 0.000000e+00
6.673380 -9.990000e+02 -3.965000e+105 1.689000e+00 1.403000e-01 2.448000e+02 6.121000e-01 5.657392e+03 0.000000e+00 0.000000e+00
6.823280 6.810000e+02 7.046000e+03 2.064000e+00 1.875000e-01 2.438000e+02 6.018000e-01 6.310343e+03 0.000000e+00 0.000000e+00
6.973170 -9.990000e+02 -3.965000e+105 3.077000e+00 3.560000e-01 2.429000e+02 5.918000e-01 8.025905e+03 0.000000e+00 0.000000e+00
7.123070 -9.990000e+02 -3.965000e+105 5.476000e+00 1.086000e+00 2.419000e+02 5.817000e-01 1.091340e+04 0.000000e+00 0.000000e+00
7.272970 -9.990000e+02 -4.368000e+105 1.000000e+07 1.293000e+40 2.409000e+02 5.717000e-01 2.403511e+04 0.000000e+00 0.000000e+00
7.422860 8.543000e+01 2.811000e+02 1.000000e+07 2.587000e+40 2.399000e+02 5.620000e-01 5.315184e+04 0.000000e+00 0.000000e+00
7.572760 1.159000e+02 1.640000e+02 1.000000e+07 4.090000e+40 2.390000e+02 5.523000e-01 1.086893e+05 0.000000e+00 0.000000e+00
7.722660 1.862000e+02 3.709000e+02 1.000000e+07 5.784000e+40 2.380000e+02 5.429000e-01 1.204807e+05 0.000000e+00 0.000000e+00
7.872550 -9.990000e+02 -4.368000e+105 1.000000e+07 7.652000e+40 2.370000e+02 5.336000e-01 3.446341e+04 0.000000e+00 0.000000e+00
8.022450 5.926000e+103 1.087000e+206 1.000000e+07 9.679000e+40 2.361000e+02 5.244000e-01 8.465733e+03 0.000000e+00 0.000000e+00
8.172340 -9.990000e+02 -3.965000e+105 1.000000e+07 1.185000e+41 2.351000e+02 5.152000e-01 5.744894e+03 0.000000e+00 0.000000e+00
8.322240 -9.990000e+02 -3.965000e+105 1.000000e+07 1.417000e+41 2.341000e+02 5.061000e-01 2.805382e+03 0.000000e+00 0.000000e+00
8.472140 2.485000e+104 4.558000e+206 1.000000e+07 1.661000e+41 2.331000e+02 4.972000e-01 2.368924e+03 0.000000e+00 0.000000e+00
8.622030 7.114000e+02 3.973000e+03 1.000000e+07 1.918000e+41 2.322000e+02 4.884000e-01 2.639370e+03 0.000000e+00 0.000000e+00
8.771930 9.691000e+103 1.778000e+206 1.000000e+07 2.187000e+41 2.312000e+02 4.798000e-01 2.731943e+03 0.000000e+00 0.000000e+00
8.921830 8.741000e+103 1.604000e+206 1.000000e+07 2.468000e+41 2.302000e+02 4.714000e-01 2.666884e+03 0.000000e+00 0.000000e+00
9.071720 5.185000e+02 3.882000e+03 1.000000e+07 2.759000e+41 2.293000e+02 4.630000e-01 2.345697e+03 0.000000e+00 0.000000e+00
9.221620 9.204000e+103 1.688000e+206 1.000000e+07 3.061000e+41 2.283000e+02 4.546000e-01 2.891647e+03 0.000000e+00 0.000000e+00
9.371510 1.628000e+104 2.986000e+206 1.000000e+07 3.373000e+41 2.273000e+02 4.464000e-01 2.854653e+03 0.000000e+00 0.000000e+00
9.521410 3.122000e+02 3.611000e+03 1.000000e+07 3.695000e+41 2.263000e+02 4.383000e-01 3.128053e+03 0.000000e+00 0.000000e+00
9.671310 -9.990000e+02 -4.368000e+105 1.000000e+07 4.026000e+41 2.254000e+02 4.304000e-01 2.759569e+03 0.000000e+00 0.000000e+00
9.821200 1.011000e+02 2.858000e+02 1.000000e+07 4.367000e+41 2.244000e+02 4.226000e-01 3.424607e+03 0.000000e+00 0.000000e+00
