2021/07/10 06:45:23-06:59:22 JST
fH2O= 58.55 /mnt/d/data/Na210710/06/Na065822.(00-0d)25ns 24000/40bin dz149.90 8330 shot 1.000mrad wid=0 fnum:14 fnum_noise:0
Altitude(km) W[g/kg] dW[g/kg] R355 dR355 T[K] RO[gm^-3] PZ^2_355 Wsonde[g/kg] dWsonde[g/kg]
0.190370 1.971000e+01 4.097000e-01 1.000000e+07 3.234000e+39 2.869000e+02 1.203000e+00 7.402238e+03 0.000000e+00 0.000000e+00
0.265320 1.663000e+01 4.992000e-01 1.000000e+07 5.113000e+39 2.864000e+02 1.194000e+00 1.646267e+04 0.000000e+00 0.000000e+00
0.340270 1.629000e+01 8.863000e-01 1.000000e+07 7.230000e+39 2.859000e+02 1.185000e+00 1.323799e+04 0.000000e+00 0.000000e+00
0.415210 1.888000e+01 2.208000e+00 1.000000e+07 9.565000e+39 2.854000e+02 1.177000e+00 9.377115e+03 0.000000e+00 0.000000e+00
0.490160 1.145000e+01 1.246000e+01 1.000000e+07 1.210000e+40 2.849000e+02 1.168000e+00 3.610062e+03 0.000000e+00 0.000000e+00
0.565110 -9.990000e+02 -1.549000e+104 1.000000e+07 1.482000e+40 2.845000e+02 1.160000e+00 1.620366e+02 0.000000e+00 0.000000e+00
0.640060 -9.990000e+02 -9.990000e+11 1.000000e+07 1.771000e+40 2.840000e+02 1.151000e+00 5.326545e+01 0.000000e+00 0.000000e+00
0.715010 -9.990000e+02 -9.990000e+11 1.000000e+07 2.077000e+40 2.835000e+02 1.143000e+00 3.834503e+01 0.000000e+00 0.000000e+00
0.789960 -9.990000e+02 -9.990000e+11 1.000000e+07 2.398000e+40 2.830000e+02 1.135000e+00 3.369883e+01 0.000000e+00 0.000000e+00
0.864900 -9.990000e+02 -1.549000e+104 1.000000e+07 2.734000e+40 2.825000e+02 1.126000e+00 1.122037e+01 0.000000e+00 0.000000e+00
0.939850 -9.990000e+02 -9.990000e+11 1.000000e+07 3.085000e+40 2.820000e+02 1.118000e+00 1.236604e+01 0.000000e+00 0.000000e+00
1.014800 -9.990000e+02 -9.990000e+11 1.000000e+07 3.449000e+40 2.815000e+02 1.110000e+00 8.238228e+00 0.000000e+00 0.000000e+00
1.127220 -9.990000e+02 -2.211000e+104 1.000000e+07 1.185000e+41 2.808000e+02 1.098000e+00 6.353301e+00 0.000000e+00 0.000000e+00
1.277120 -9.990000e+02 -2.437000e+104 1.000000e+07 1.417000e+41 2.798000e+02 1.082000e+00 8.155385e-01 0.000000e+00 0.000000e+00
1.427010 -9.990000e+02 -2.211000e+104 1.000000e+07 1.661000e+41 2.788000e+02 1.066000e+00 4.072847e+00 0.000000e+00 0.000000e+00
1.576910 -9.990000e+02 -2.211000e+104 1.000000e+07 1.918000e+41 2.779000e+02 1.050000e+00 2.486730e+00 0.000000e+00 0.000000e+00
1.726810 -9.990000e+02 -2.437000e+104 1.000000e+07 2.187000e+41 2.769000e+02 1.034000e+00 4.472980e+00 0.000000e+00 0.000000e+00
1.876700 -9.990000e+02 -9.990000e+11 1.000000e+07 2.468000e+41 2.759000e+02 1.019000e+00 1.761070e+00 0.000000e+00 0.000000e+00
2.026600 -9.990000e+02 -2.211000e+104 1.000000e+07 2.759000e+41 2.750000e+02 1.004000e+00 4.107278e+00 0.000000e+00 0.000000e+00
2.176500 -9.990000e+02 -9.990000e+11 1.000000e+07 3.061000e+41 2.740000e+02 9.887000e-01 0.000000e+00 0.000000e+00 0.000000e+00
2.326390 -9.990000e+02 -2.211000e+104 1.000000e+07 3.373000e+41 2.730000e+02 9.737000e-01 2.706166e+00 0.000000e+00 0.000000e+00
2.476290 -9.990000e+02 -9.990000e+11 1.000000e+07 3.695000e+41 2.720000e+02 9.590000e-01 3.066147e+00 0.000000e+00 0.000000e+00
2.626180 -9.990000e+02 -9.990000e+11 1.000000e+07 4.026000e+41 2.711000e+02 9.445000e-01 1.034574e+01 0.000000e+00 0.000000e+00
2.776080 -9.990000e+02 -2.211000e+104 1.000000e+07 4.367000e+41 2.701000e+02 9.302000e-01 3.853496e+00 0.000000e+00 0.000000e+00
2.925980 -9.990000e+02 -2.437000e+104 1.000000e+07 4.717000e+41 2.691000e+02 9.161000e-01 8.561785e+00 0.000000e+00 0.000000e+00
3.075870 2.451000e+02 8.666000e+02 1.000000e+07 5.076000e+41 2.682000e+02 9.021000e-01 4.730725e+00 0.000000e+00 0.000000e+00
3.225770 2.520000e+02 1.265000e+03 1.000000e+07 5.443000e+41 2.672000e+02 8.881000e-01 1.040613e+01 0.000000e+00 0.000000e+00
3.375670 1.114000e+02 1.886000e+02 1.000000e+07 5.819000e+41 2.662000e+02 8.744000e-01 5.697869e+00 0.000000e+00 0.000000e+00
3.525560 2.936000e+102 3.014000e+203 1.000000e+07 6.203000e+41 2.652000e+02 8.608000e-01 0.000000e+00 0.000000e+00 0.000000e+00
3.675460 -9.990000e+02 -2.211000e+104 1.000000e+07 6.595000e+41 2.643000e+02 8.475000e-01 2.026462e+01 0.000000e+00 0.000000e+00
3.825350 1.313000e+02 2.288000e+02 1.000000e+07 6.995000e+41 2.633000e+02 8.344000e-01 2.926825e+01 0.000000e+00 0.000000e+00
3.975250 -9.990000e+02 -2.437000e+104 1.000000e+07 7.403000e+41 2.623000e+02 8.215000e-01 0.000000e+00 0.000000e+00 0.000000e+00
4.125150 -9.990000e+02 -2.437000e+104 1.000000e+07 7.819000e+41 2.613000e+02 8.085000e-01 2.552673e+01 0.000000e+00 0.000000e+00
4.275040 -9.990000e+02 -2.437000e+104 1.000000e+07 8.241000e+41 2.604000e+02 7.957000e-01 0.000000e+00 0.000000e+00 0.000000e+00
4.424940 9.723000e+102 9.983000e+203 1.000000e+07 8.672000e+41 2.594000e+02 7.830000e-01 2.937182e+01 0.000000e+00 0.000000e+00
4.574830 -9.990000e+02 -2.211000e+104 1.000000e+07 9.109000e+41 2.584000e+02 7.706000e-01 1.046512e+01 0.000000e+00 0.000000e+00
4.724730 -9.990000e+02 -2.211000e+104 1.000000e+07 9.554000e+41 2.574000e+02 7.584000e-01 2.232434e+01 0.000000e+00 0.000000e+00
4.874630 -9.990000e+02 -2.211000e+104 1.000000e+07 1.001000e+42 2.565000e+02 7.463000e-01 2.376338e+01 0.000000e+00 0.000000e+00
5.024520 -9.990000e+02 -2.437000e+104 1.000000e+07 1.046000e+42 2.555000e+02 7.345000e-01 3.787092e+01 0.000000e+00 0.000000e+00
5.174420 -9.990000e+02 -2.211000e+104 1.000000e+07 1.093000e+42 2.545000e+02 7.225000e-01 0.000000e+00 0.000000e+00 0.000000e+00
5.324320 7.610000e+01 2.812000e+02 1.000000e+07 1.140000e+42 2.536000e+02 7.108000e-01 1.417501e+01 0.000000e+00 0.000000e+00
5.474210 1.799000e+02 1.724000e+03 1.000000e+07 1.188000e+42 2.526000e+02 6.992000e-01 2.996872e+01 0.000000e+00 0.000000e+00
5.624110 3.951000e+02 1.307000e+03 1.000000e+07 1.236000e+42 2.516000e+02 6.878000e-01 1.581623e+01 0.000000e+00 0.000000e+00
5.774000 -9.990000e+02 -2.211000e+104 1.000000e+07 1.286000e+42 2.506000e+02 6.766000e-01 0.000000e+00 0.000000e+00 0.000000e+00
5.923900 -9.990000e+02 -2.211000e+104 1.000000e+07 1.335000e+42 2.497000e+02 6.656000e-01 3.509467e+01 0.000000e+00 0.000000e+00
6.073800 -9.990000e+02 -2.211000e+104 1.000000e+07 1.386000e+42 2.487000e+02 6.547000e-01 5.533992e+01 0.000000e+00 0.000000e+00
6.223690 5.897000e+02 2.718000e+03 1.000000e+07 1.437000e+42 2.477000e+02 6.437000e-01 0.000000e+00 0.000000e+00 0.000000e+00
6.373590 3.021000e+02 7.930000e+02 1.000000e+07 1.489000e+42 2.467000e+02 6.330000e-01 4.062508e+01 0.000000e+00 0.000000e+00
6.523490 -9.990000e+02 -2.437000e+104 1.000000e+07 1.541000e+42 2.458000e+02 6.224000e-01 2.127923e+01 0.000000e+00 0.000000e+00
6.673380 -9.990000e+02 -2.211000e+104 1.000000e+07 1.594000e+42 2.448000e+02 6.121000e-01 8.907353e+01 0.000000e+00 0.000000e+00
6.823280 -9.990000e+02 -2.211000e+104 1.000000e+07 1.647000e+42 2.438000e+02 6.018000e-01 2.327997e+01 0.000000e+00 0.000000e+00
6.973170 2.973000e+02 6.371000e+02 1.000000e+07 1.701000e+42 2.429000e+02 5.918000e-01 2.431401e+01 0.000000e+00 0.000000e+00
7.123070 1.021000e+02 2.003000e+02 1.000000e+07 1.756000e+42 2.419000e+02 5.817000e-01 2.537059e+01 0.000000e+00 0.000000e+00
7.272970 -9.990000e+02 -2.211000e+104 1.000000e+07 1.811000e+42 2.409000e+02 5.717000e-01 2.644964e+01 0.000000e+00 0.000000e+00
7.422860 -9.990000e+02 -2.211000e+104 1.000000e+07 1.867000e+42 2.399000e+02 5.620000e-01 5.510221e+01 0.000000e+00 0.000000e+00
7.572760 6.506000e+02 5.259000e+03 1.000000e+07 1.923000e+42 2.390000e+02 5.523000e-01 8.602540e+01 0.000000e+00 0.000000e+00
7.722660 -9.990000e+02 -2.437000e+104 1.000000e+07 1.980000e+42 2.380000e+02 5.429000e-01 0.000000e+00 0.000000e+00 0.000000e+00
7.872550 1.012000e+103 1.039000e+204 1.000000e+07 2.037000e+42 2.370000e+02 5.336000e-01 0.000000e+00 0.000000e+00 0.000000e+00
8.022450 -9.990000e+02 -2.437000e+104 1.000000e+07 2.095000e+42 2.361000e+02 5.244000e-01 6.436366e+01 0.000000e+00 0.000000e+00
8.172340 3.425000e+102 3.517000e+203 1.000000e+07 2.153000e+42 2.351000e+02 5.152000e-01 3.339561e+01 0.000000e+00 0.000000e+00
8.322240 6.401000e+101 6.572000e+202 1.000000e+07 2.212000e+42 2.341000e+02 5.061000e-01 0.000000e+00 0.000000e+00 0.000000e+00
8.472140 5.647000e+102 5.797000e+203 1.000000e+07 2.272000e+42 2.331000e+02 4.972000e-01 0.000000e+00 0.000000e+00 0.000000e+00
8.622030 -9.990000e+02 -2.437000e+104 1.000000e+07 2.332000e+42 2.322000e+02 4.884000e-01 7.434401e+01 0.000000e+00 0.000000e+00
8.771930 1.072000e+02 2.671000e+02 1.000000e+07 2.393000e+42 2.312000e+02 4.798000e-01 0.000000e+00 0.000000e+00 0.000000e+00
8.921830 -9.990000e+02 -2.211000e+104 1.000000e+07 2.454000e+42 2.302000e+02 4.714000e-01 0.000000e+00 0.000000e+00 0.000000e+00
9.071720 -9.990000e+02 -2.211000e+104 1.000000e+07 2.515000e+42 2.293000e+02 4.630000e-01 0.000000e+00 0.000000e+00 0.000000e+00
9.221620 -9.990000e+02 -2.211000e+104 1.000000e+07 2.577000e+42 2.283000e+02 4.546000e-01 4.252177e+01 0.000000e+00 0.000000e+00
9.371510 1.598000e+02 3.334000e+02 1.000000e+07 2.640000e+42 2.273000e+02 4.464000e-01 0.000000e+00 0.000000e+00 0.000000e+00
9.521410 2.881000e+02 9.855000e+02 1.000000e+07 2.703000e+42 2.263000e+02 4.383000e-01 0.000000e+00 0.000000e+00 0.000000e+00
9.671310 -9.990000e+02 -2.437000e+104 1.000000e+07 2.767000e+42 2.254000e+02 4.304000e-01 4.677002e+01 0.000000e+00 0.000000e+00
9.821200 2.981000e+02 7.825000e+02 1.000000e+07 2.831000e+42 2.244000e+02 4.226000e-01 0.000000e+00 0.000000e+00 0.000000e+00
