2021/07/10 11:45:57-11:59:56 JST
fH2O= 58.55 /mnt/d/data/Na210710/11/Na115856.(00-0d)25ns 24000/40bin dz149.90 8330 shot 1.000mrad wid=0 fnum:14 fnum_noise:0
Altitude(km) W[g/kg] dW[g/kg] R355 dR355 T[K] RO[gm^-3] PZ^2_355 Wsonde[g/kg] dWsonde[g/kg]
0.190370 1.628000e+01 6.372000e-01 1.371000e-01 2.172000e-01 2.869000e+02 1.203000e+00 1.916991e+03 0.000000e+00 0.000000e+00
0.265320 1.463000e+01 5.769000e-01 2.869000e-01 4.546000e-01 2.864000e+02 1.194000e+00 3.907603e+03 0.000000e+00 0.000000e+00
0.340270 1.538000e+01 6.049000e-01 4.827000e-01 7.647000e-01 2.859000e+02 1.185000e+00 6.426873e+03 0.000000e+00 0.000000e+00
0.415210 1.509000e+01 6.856000e-01 1.063000e+00 1.683000e+00 2.854000e+02 1.177000e+00 1.382802e+04 0.000000e+00 0.000000e+00
0.490160 1.595000e+01 8.607000e-01 1.357000e+00 2.144000e+00 2.849000e+02 1.168000e+00 1.702508e+04 0.000000e+00 0.000000e+00
0.565110 1.288000e+01 9.331000e-01 1.334000e+00 2.104000e+00 2.845000e+02 1.160000e+00 1.616813e+04 0.000000e+00 0.000000e+00
0.640060 1.545000e+01 1.396000e+00 1.023000e+01 1.446000e+01 2.840000e+02 1.151000e+00 7.983514e+04 0.000000e+00 0.000000e+00
0.715010 1.585000e+01 3.086000e+00 7.981000e+00 1.052000e+01 2.835000e+02 1.143000e+00 4.459010e+04 0.000000e+00 0.000000e+00
0.789960 1.048000e+01 6.033000e+00 1.165000e+01 1.313000e+01 2.830000e+02 1.135000e+00 3.958216e+04 0.000000e+00 0.000000e+00
0.864900 1.072000e+01 1.232000e+01 2.718000e+00 3.038000e+00 2.825000e+02 1.126000e+00 8.408537e+03 0.000000e+00 0.000000e+00
0.939850 1.839000e+01 1.291000e+01 4.548000e-01 5.084000e-01 2.820000e+02 1.118000e+00 1.387839e+03 0.000000e+00 0.000000e+00
1.014800 6.740000e+00 1.727000e+01 4.179000e-01 4.671000e-01 2.815000e+02 1.110000e+00 1.254832e+03 0.000000e+00 0.000000e+00
1.127220 2.787000e+01 1.545000e+01 1.020000e+00 1.966000e+00 2.808000e+02 1.098000e+00 6.282601e+03 0.000000e+00 0.000000e+00
1.277120 -9.990000e+02 -9.990000e+11 3.019000e+01 4.719000e+00 2.798000e+02 1.082000e+00 1.467023e+04 0.000000e+00 0.000000e+00
1.427010 -9.990000e+02 -9.990000e+11 9.613000e-01 1.565000e-01 2.788000e+02 1.066000e+00 4.655050e+02 0.000000e+00 0.000000e+00
1.576910 -9.990000e+02 -2.166000e+105 8.959000e-01 1.476000e-01 2.779000e+02 1.050000e+00 4.241117e+02 0.000000e+00 0.000000e+00
1.726810 -9.990000e+02 -9.990000e+11 8.693000e-01 1.449000e-01 2.769000e+02 1.034000e+00 4.026610e+02 0.000000e+00 0.000000e+00
1.876700 -9.990000e+02 -9.990000e+11 8.578000e-01 1.447000e-01 2.759000e+02 1.019000e+00 3.892704e+02 0.000000e+00 0.000000e+00
2.026600 -9.990000e+02 -9.990000e+11 8.986000e-01 1.529000e-01 2.750000e+02 1.004000e+00 3.984721e+02 0.000000e+00 0.000000e+00
2.176500 -9.990000e+02 -2.166000e+105 8.090000e-01 1.404000e-01 2.740000e+02 9.887000e-01 3.553475e+02 0.000000e+00 0.000000e+00
2.326390 -9.990000e+02 -9.990000e+11 9.755000e-01 1.690000e-01 2.730000e+02 9.737000e-01 4.140976e+02 0.000000e+00 0.000000e+00
2.476290 -9.990000e+02 -9.990000e+11 8.949000e-01 1.583000e-01 2.720000e+02 9.590000e-01 3.771759e+02 0.000000e+00 0.000000e+00
2.626180 -9.990000e+02 -2.390000e+105 7.721000e-01 1.403000e-01 2.711000e+02 9.445000e-01 3.276410e+02 0.000000e+00 0.000000e+00
2.776080 -9.990000e+02 -9.990000e+11 1.072000e+00 1.905000e-01 2.701000e+02 9.302000e-01 4.277789e+02 0.000000e+00 0.000000e+00
2.925980 -9.990000e+02 -2.166000e+105 1.069000e+00 1.922000e-01 2.691000e+02 9.161000e-01 4.195624e+02 0.000000e+00 0.000000e+00
3.075870 1.448000e+02 2.362000e+02 1.175000e+00 2.114000e-01 2.682000e+02 9.021000e-01 4.447239e+02 0.000000e+00 0.000000e+00
3.225770 1.889000e+104 1.908000e+206 9.336000e-01 1.746000e-01 2.672000e+02 8.881000e-01 3.642360e+02 0.000000e+00 0.000000e+00
3.375670 6.369000e+103 6.436000e+205 1.038000e+00 1.941000e-01 2.662000e+02 8.744000e-01 3.931760e+02 0.000000e+00 0.000000e+00
3.525560 -9.990000e+02 -2.166000e+105 1.159000e+00 2.162000e-01 2.652000e+02 8.608000e-01 4.226521e+02 0.000000e+00 0.000000e+00
3.675460 1.318000e+01 2.942000e+02 1.381000e+00 2.541000e-01 2.643000e+02 8.475000e-01 4.728685e+02 0.000000e+00 0.000000e+00
3.825350 8.438000e+103 8.526000e+205 1.050000e+00 2.018000e-01 2.633000e+02 8.344000e-01 3.805030e+02 0.000000e+00 0.000000e+00
3.975250 1.636000e+104 1.653000e+206 1.284000e+00 2.430000e-01 2.623000e+02 8.215000e-01 4.346156e+02 0.000000e+00 0.000000e+00
4.125150 7.129000e+01 2.329000e+02 8.000000e-01 1.617000e-01 2.613000e+02 8.085000e-01 3.148389e+02 0.000000e+00 0.000000e+00
4.275040 1.564000e+104 1.580000e+206 1.083000e+00 2.135000e-01 2.604000e+02 7.957000e-01 3.838300e+02 0.000000e+00 0.000000e+00
4.424940 1.641000e+02 1.287000e+03 1.211000e+00 2.378000e-01 2.594000e+02 7.830000e-01 4.112193e+02 0.000000e+00 0.000000e+00
4.574830 1.476000e+103 1.492000e+205 1.000000e+00 1.312000e-02 2.584000e+02 7.706000e-01 3.662899e+02 0.000000e+00 0.000000e+00
4.724730 -9.990000e+02 -2.390000e+105 1.391000e+00 2.777000e-01 2.574000e+02 7.584000e-01 4.465016e+02 0.000000e+00 0.000000e+00
4.874630 -9.990000e+02 -2.166000e+105 3.041000e+00 6.414000e-01 2.565000e+02 7.463000e-01 7.129371e+02 0.000000e+00 0.000000e+00
5.024520 -9.990000e+02 -2.166000e+105 2.257000e+00 5.169000e-01 2.555000e+02 7.345000e-01 5.428353e+02 0.000000e+00 0.000000e+00
5.174420 -9.990000e+02 -2.166000e+105 1.299000e+00 3.145000e-01 2.545000e+02 7.225000e-01 3.882636e+02 0.000000e+00 0.000000e+00
5.324320 2.653000e+104 2.681000e+206 1.244000e+00 3.052000e-01 2.536000e+02 7.108000e-01 3.827338e+02 0.000000e+00 0.000000e+00
5.474210 1.016000e+02 1.235000e+02 4.198000e-01 1.092000e-01 2.526000e+02 6.992000e-01 2.697223e+02 0.000000e+00 0.000000e+00
5.624110 -9.990000e+02 -2.390000e+105 9.061000e-01 2.296000e-01 2.516000e+02 6.878000e-01 3.479633e+02 0.000000e+00 0.000000e+00
5.774000 -9.990000e+02 -2.390000e+105 7.382000e-01 1.896000e-01 2.506000e+02 6.766000e-01 3.334157e+02 0.000000e+00 0.000000e+00
5.923900 -9.990000e+02 -2.166000e+105 1.647000e+00 4.121000e-01 2.497000e+02 6.656000e-01 4.562401e+02 0.000000e+00 0.000000e+00
6.073800 5.186000e+103 5.240000e+205 1.044000e+00 2.690000e-01 2.487000e+02 6.547000e-01 3.873854e+02 0.000000e+00 0.000000e+00
6.223690 1.445000e+104 1.460000e+206 6.475000e-01 1.704000e-01 2.477000e+02 6.437000e-01 3.486345e+02 0.000000e+00 0.000000e+00
6.373590 1.911000e+02 6.501000e+02 1.608000e+00 4.132000e-01 2.467000e+02 6.330000e-01 4.671970e+02 0.000000e+00 0.000000e+00
6.523490 1.460000e+104 1.475000e+206 1.000000e+07 1.293000e+40 2.458000e+02 6.224000e-01 1.319381e+03 0.000000e+00 0.000000e+00
6.673380 7.187000e+102 7.262000e+204 1.000000e+07 2.587000e+40 2.448000e+02 6.121000e-01 1.714774e+03 0.000000e+00 0.000000e+00
6.823280 2.929000e+02 5.409000e+02 1.000000e+07 4.090000e+40 2.438000e+02 6.018000e-01 9.312299e+02 0.000000e+00 0.000000e+00
6.973170 3.757000e+102 3.796000e+204 1.000000e+07 5.784000e+40 2.429000e+02 5.918000e-01 1.021224e+03 0.000000e+00 0.000000e+00
7.123070 -9.990000e+02 -2.390000e+105 1.000000e+07 7.652000e+40 2.419000e+02 5.817000e-01 8.118806e+02 0.000000e+00 0.000000e+00
7.272970 4.906000e+01 1.671000e+02 1.000000e+07 9.679000e+40 2.409000e+02 5.717000e-01 8.199600e+02 0.000000e+00 0.000000e+00
7.422860 -9.990000e+02 -2.390000e+105 1.000000e+07 1.185000e+41 2.399000e+02 5.620000e-01 7.163436e+02 0.000000e+00 0.000000e+00
7.572760 -9.990000e+02 -2.390000e+105 1.000000e+07 1.417000e+41 2.390000e+02 5.523000e-01 1.204396e+03 0.000000e+00 0.000000e+00
7.722660 4.313000e+102 4.359000e+204 1.000000e+07 1.661000e+41 2.380000e+02 5.429000e-01 8.946689e+02 0.000000e+00 0.000000e+00
7.872550 -9.990000e+02 -2.390000e+105 1.000000e+07 1.918000e+41 2.370000e+02 5.336000e-01 5.888268e+02 0.000000e+00 0.000000e+00
8.022450 2.181000e+02 1.044000e+03 1.000000e+07 2.187000e+41 2.361000e+02 5.244000e-01 6.114638e+02 0.000000e+00 0.000000e+00
8.172340 4.593000e+01 1.551000e+02 1.000000e+07 2.468000e+41 2.351000e+02 5.152000e-01 6.011298e+02 0.000000e+00 0.000000e+00
8.322240 -9.990000e+02 -2.390000e+105 1.000000e+07 2.759000e+41 2.341000e+02 5.061000e-01 5.887514e+02 0.000000e+00 0.000000e+00
8.472140 -9.990000e+02 -2.390000e+105 1.000000e+07 3.061000e+41 2.331000e+02 4.972000e-01 5.742598e+02 0.000000e+00 0.000000e+00
8.622030 -9.990000e+02 -2.390000e+105 1.000000e+07 3.373000e+41 2.322000e+02 4.884000e-01 1.858606e+02 0.000000e+00 0.000000e+00
8.771930 -9.990000e+02 -2.390000e+105 1.000000e+07 3.695000e+41 2.312000e+02 4.798000e-01 6.156198e+02 0.000000e+00 0.000000e+00
8.921830 -9.990000e+02 -2.390000e+105 1.000000e+07 4.026000e+41 2.302000e+02 4.714000e-01 7.960527e+02 0.000000e+00 0.000000e+00
9.071720 1.437000e+01 1.977000e+02 1.000000e+07 4.367000e+41 2.293000e+02 4.630000e-01 4.526602e+02 0.000000e+00 0.000000e+00
9.221620 -9.990000e+02 -2.390000e+105 1.000000e+07 4.717000e+41 2.283000e+02 4.546000e-01 5.102658e+02 0.000000e+00 0.000000e+00
9.371510 3.366000e+103 3.401000e+205 1.000000e+07 5.076000e+41 2.273000e+02 4.464000e-01 7.026541e+02 0.000000e+00 0.000000e+00
9.521410 1.567000e+02 3.097000e+02 1.000000e+07 5.443000e+41 2.263000e+02 4.383000e-01 8.159777e+02 0.000000e+00 0.000000e+00
9.671310 1.008000e+104 1.018000e+206 1.000000e+07 5.819000e+41 2.254000e+02 4.304000e-01 3.741624e+02 0.000000e+00 0.000000e+00
9.821200 -9.990000e+02 -2.390000e+105 1.000000e+07 6.203000e+41 2.244000e+02 4.226000e-01 6.752413e+02 0.000000e+00 0.000000e+00
