2021/07/10 13:45:47-13:59:45 JST
fH2O= 58.55 /mnt/d/data/Na210710/13/Na135846.(00-0d)25ns 24000/40bin dz149.90 8330 shot 1.000mrad wid=0 fnum:14 fnum_noise:0
Altitude(km) W[g/kg] dW[g/kg] R355 dR355 T[K] RO[gm^-3] PZ^2_355 Wsonde[g/kg] dWsonde[g/kg]
0.190370 1.484000e+01 3.821000e-01 1.040000e-01 1.377000e-02 2.869000e+02 1.203000e+00 3.053532e+03 0.000000e+00 0.000000e+00
0.265320 1.441000e+01 3.138000e-01 2.311000e-01 2.995000e-02 2.864000e+02 1.194000e+00 6.610390e+03 0.000000e+00 0.000000e+00
0.340270 1.434000e+01 3.094000e-01 3.753000e-01 4.794000e-02 2.859000e+02 1.185000e+00 1.049767e+04 0.000000e+00 0.000000e+00
0.415210 1.446000e+01 3.222000e-01 5.313000e-01 6.730000e-02 2.854000e+02 1.177000e+00 1.455771e+04 0.000000e+00 0.000000e+00
0.490160 1.446000e+01 3.451000e-01 8.430000e-01 1.067000e-01 2.849000e+02 1.168000e+00 2.264972e+04 0.000000e+00 0.000000e+00
0.565110 1.327000e+01 4.483000e-01 4.144000e+00 2.648000e-01 2.845000e+02 1.160000e+00 9.453079e+04 0.000000e+00 0.000000e+00
0.640060 1.303000e+01 6.731000e-01 1.455000e+00 9.007000e-02 2.840000e+02 1.151000e+00 3.191502e+04 0.000000e+00 0.000000e+00
0.715010 1.297000e+01 8.158000e-01 6.929000e-01 4.241000e-02 2.835000e+02 1.143000e+00 1.493277e+04 0.000000e+00 0.000000e+00
0.789960 1.337000e+01 9.467000e-01 5.697000e-01 3.395000e-02 2.830000e+02 1.135000e+00 1.206250e+04 0.000000e+00 0.000000e+00
0.864900 1.185000e+01 1.089000e+00 5.907000e-01 3.430000e-02 2.825000e+02 1.126000e+00 1.229033e+04 0.000000e+00 0.000000e+00
0.939850 1.206000e+01 1.256000e+00 6.379000e-01 3.627000e-02 2.820000e+02 1.118000e+00 1.304282e+04 0.000000e+00 0.000000e+00
1.014800 1.214000e+01 1.413000e+00 6.988000e-01 3.916000e-02 2.815000e+02 1.110000e+00 1.404514e+04 0.000000e+00 0.000000e+00
1.127220 1.283000e+01 1.214000e+00 7.250000e-01 3.704000e-02 2.808000e+02 1.098000e+00 1.442901e+04 0.000000e+00 0.000000e+00
1.277120 1.202000e+01 1.525000e+00 8.485000e-01 4.260000e-02 2.798000e+02 1.082000e+00 1.632246e+04 0.000000e+00 0.000000e+00
1.427010 8.650000e+00 1.944000e+00 9.084000e-01 4.539000e-02 2.788000e+02 1.066000e+00 1.689996e+04 0.000000e+00 0.000000e+00
1.576910 1.082000e+01 2.500000e+00 8.922000e-01 4.432000e-02 2.779000e+02 1.050000e+00 1.606131e+04 0.000000e+00 0.000000e+00
1.726810 1.768000e+01 3.134000e+00 1.071000e+00 5.283000e-02 2.769000e+02 1.034000e+00 1.854689e+04 0.000000e+00 0.000000e+00
1.876700 7.819000e+00 4.077000e+00 1.176000e+00 5.648000e-02 2.759000e+02 1.019000e+00 1.943025e+04 0.000000e+00 0.000000e+00
2.026600 1.017000e+01 4.725000e+00 1.106000e+00 5.278000e-02 2.750000e+02 1.004000e+00 1.756426e+04 0.000000e+00 0.000000e+00
2.176500 1.530000e+01 5.727000e+00 1.111000e+00 5.256000e-02 2.740000e+02 9.887000e-01 1.693343e+04 0.000000e+00 0.000000e+00
2.326390 3.096000e+00 6.988000e+00 1.091000e+00 5.146000e-02 2.730000e+02 9.737000e-01 1.600446e+04 0.000000e+00 0.000000e+00
2.476290 -9.990000e+02 -9.990000e+11 9.950000e-01 4.742000e-02 2.720000e+02 9.590000e-01 1.415438e+04 0.000000e+00 0.000000e+00
2.626180 1.375000e+00 1.024000e+01 8.994000e-01 4.313000e-02 2.711000e+02 9.445000e-01 1.241543e+04 0.000000e+00 0.000000e+00
2.776080 1.165000e+00 1.037000e+01 8.477000e-01 4.055000e-02 2.701000e+02 9.302000e-01 1.135813e+04 0.000000e+00 0.000000e+00
2.925980 -9.990000e+02 -2.833000e+105 7.951000e-01 3.760000e-02 2.691000e+02 9.161000e-01 1.034707e+04 0.000000e+00 0.000000e+00
3.075870 1.846000e+00 1.543000e+01 8.074000e-01 3.768000e-02 2.682000e+02 9.021000e-01 1.019948e+04 0.000000e+00 0.000000e+00
3.225770 -9.990000e+02 -2.833000e+105 8.202000e-01 3.794000e-02 2.672000e+02 8.881000e-01 1.005868e+04 0.000000e+00 0.000000e+00
3.375670 6.120000e+00 1.917000e+01 7.786000e-01 3.569000e-02 2.662000e+02 8.744000e-01 9.283477e+03 0.000000e+00 0.000000e+00
3.525560 2.844000e+00 2.307000e+01 8.159000e-01 3.698000e-02 2.652000e+02 8.608000e-01 9.446924e+03 0.000000e+00 0.000000e+00
3.675460 2.343000e+01 2.628000e+01 8.846000e-01 3.997000e-02 2.643000e+02 8.475000e-01 9.942268e+03 0.000000e+00 0.000000e+00
3.825350 1.936000e+00 2.139000e+01 8.875000e-01 4.050000e-02 2.633000e+02 8.344000e-01 9.698856e+03 0.000000e+00 0.000000e+00
3.975250 2.955000e+01 2.602000e+01 9.166000e-01 4.221000e-02 2.623000e+02 8.215000e-01 9.737384e+03 0.000000e+00 0.000000e+00
4.125150 2.469000e+01 3.538000e+01 1.036000e+00 4.744000e-02 2.613000e+02 8.085000e-01 1.065614e+04 0.000000e+00 0.000000e+00
4.275040 2.851000e+01 6.061000e+01 1.139000e+00 5.160000e-02 2.604000e+02 7.957000e-01 1.127060e+04 0.000000e+00 0.000000e+00
4.424940 -9.990000e+02 -2.833000e+105 1.000000e+00 1.312000e-02 2.594000e+02 7.830000e-01 9.661746e+03 0.000000e+00 0.000000e+00
4.574830 -9.990000e+02 -2.833000e+105 1.000000e+07 1.293000e+40 2.584000e+02 7.706000e-01 9.739104e+04 0.000000e+00 0.000000e+00
4.724730 -9.990000e+02 -2.833000e+105 1.000000e+07 2.587000e+40 2.574000e+02 7.584000e-01 4.740042e+04 0.000000e+00 0.000000e+00
4.874630 -9.990000e+02 -2.833000e+105 1.000000e+07 4.090000e+40 2.565000e+02 7.463000e-01 1.752401e+04 0.000000e+00 0.000000e+00
5.024520 -9.990000e+02 -2.833000e+105 1.000000e+07 5.784000e+40 2.555000e+02 7.345000e-01 2.341640e+04 0.000000e+00 0.000000e+00
5.174420 1.363000e+104 1.796000e+206 1.000000e+07 7.652000e+40 2.545000e+02 7.225000e-01 4.114341e+04 0.000000e+00 0.000000e+00
5.324320 -9.990000e+02 -3.124000e+105 1.000000e+07 9.679000e+40 2.536000e+02 7.108000e-01 4.450234e+04 0.000000e+00 0.000000e+00
5.474210 4.231000e+01 1.341000e+02 1.000000e+07 1.185000e+41 2.526000e+02 6.992000e-01 2.925376e+04 0.000000e+00 0.000000e+00
5.624110 7.365000e+01 2.608000e+02 1.000000e+07 1.417000e+41 2.516000e+02 6.878000e-01 1.647951e+04 0.000000e+00 0.000000e+00
5.774000 -9.990000e+02 -2.833000e+105 1.000000e+07 1.661000e+41 2.506000e+02 6.766000e-01 8.021843e+03 0.000000e+00 0.000000e+00
5.923900 9.396000e+103 1.238000e+206 1.000000e+07 1.918000e+41 2.497000e+02 6.656000e-01 4.264890e+03 0.000000e+00 0.000000e+00
6.073800 6.308000e+102 8.312000e+204 1.000000e+07 2.187000e+41 2.487000e+02 6.547000e-01 2.140018e+03 0.000000e+00 0.000000e+00
6.223690 -9.990000e+02 -2.833000e+105 1.000000e+07 2.468000e+41 2.477000e+02 6.437000e-01 1.394603e+03 0.000000e+00 0.000000e+00
6.373590 1.474000e+02 2.130000e+02 1.000000e+07 2.759000e+41 2.467000e+02 6.330000e-01 1.076612e+03 0.000000e+00 0.000000e+00
6.523490 -9.990000e+02 -2.833000e+105 1.000000e+07 3.061000e+41 2.458000e+02 6.224000e-01 7.022337e+02 0.000000e+00 0.000000e+00
6.673380 3.527000e+02 1.107000e+03 1.000000e+07 3.373000e+41 2.448000e+02 6.121000e-01 4.676429e+02 0.000000e+00 0.000000e+00
6.823280 2.352000e+104 3.099000e+206 1.000000e+07 3.695000e+41 2.438000e+02 6.018000e-01 4.190455e+02 0.000000e+00 0.000000e+00
6.973170 3.971000e+102 5.233000e+204 1.000000e+07 4.026000e+41 2.429000e+02 5.918000e-01 7.051233e+02 0.000000e+00 0.000000e+00
7.123070 2.100000e+02 3.197000e+02 1.000000e+07 4.367000e+41 2.419000e+02 5.817000e-01 8.118806e+02 0.000000e+00 0.000000e+00
7.272970 1.862000e+02 6.896000e+02 1.000000e+07 4.717000e+41 2.409000e+02 5.717000e-01 6.612546e+02 0.000000e+00 0.000000e+00
7.422860 1.028000e+02 2.402000e+02 1.000000e+07 5.076000e+41 2.399000e+02 5.620000e-01 6.612393e+02 0.000000e+00 0.000000e+00
7.572760 -9.990000e+02 -3.124000e+105 1.000000e+07 5.443000e+41 2.390000e+02 5.523000e-01 3.727800e+02 0.000000e+00 0.000000e+00
7.722660 -9.990000e+02 -3.124000e+105 1.000000e+07 5.819000e+41 2.380000e+02 5.429000e-01 6.859087e+02 0.000000e+00 0.000000e+00
7.872550 1.138000e+02 9.006000e+02 1.000000e+07 6.203000e+41 2.370000e+02 5.336000e-01 4.338705e+02 0.000000e+00 0.000000e+00
8.022450 -9.990000e+02 -3.124000e+105 1.000000e+07 6.595000e+41 2.361000e+02 5.244000e-01 9.332952e+02 0.000000e+00 0.000000e+00
8.172340 -9.990000e+02 -3.124000e+105 1.000000e+07 6.995000e+41 2.351000e+02 5.152000e-01 5.343366e+02 0.000000e+00 0.000000e+00
8.322240 -9.990000e+02 -2.833000e+105 1.000000e+07 7.403000e+41 2.341000e+02 5.061000e-01 1.004351e+03 0.000000e+00 0.000000e+00
8.472140 7.024000e+01 2.265000e+02 1.000000e+07 7.819000e+41 2.331000e+02 4.972000e-01 1.040858e+03 0.000000e+00 0.000000e+00
8.622030 -9.990000e+02 -2.833000e+105 1.000000e+07 8.241000e+41 2.322000e+02 4.884000e-01 8.177985e+02 0.000000e+00 0.000000e+00
8.771930 -9.990000e+02 -3.124000e+105 1.000000e+07 8.672000e+41 2.312000e+02 4.798000e-01 6.925735e+02 0.000000e+00 0.000000e+00
8.921830 -9.990000e+02 -2.833000e+105 1.000000e+07 9.109000e+41 2.302000e+02 4.714000e-01 1.114481e+03 0.000000e+00 0.000000e+00
9.071720 -9.990000e+02 -3.124000e+105 1.000000e+07 9.554000e+41 2.293000e+02 4.630000e-01 7.407215e+02 0.000000e+00 0.000000e+00
9.221620 5.375000e+103 7.083000e+205 1.000000e+07 1.001000e+42 2.283000e+02 4.546000e-01 1.148113e+03 0.000000e+00 0.000000e+00
9.371510 -9.990000e+02 -3.124000e+105 1.000000e+07 1.046000e+42 2.273000e+02 4.464000e-01 1.449245e+03 0.000000e+00 0.000000e+00
9.521410 1.625000e+02 1.146000e+03 1.000000e+07 1.093000e+42 2.263000e+02 4.383000e-01 1.541313e+03 0.000000e+00 0.000000e+00
9.671310 1.033000e+02 1.375000e+02 1.000000e+07 1.140000e+42 2.254000e+02 4.304000e-01 1.028959e+03 0.000000e+00 0.000000e+00
9.821200 2.850000e+103 3.756000e+205 1.000000e+07 1.188000e+42 2.244000e+02 4.226000e-01 1.157567e+03 0.000000e+00 0.000000e+00
