2021/07/10 14:15:44-14:29:43 JST
fH2O= 58.55 /mnt/d/data/Na210710/14/Na142843.(00-0d)25ns 24000/40bin dz149.90 8330 shot 1.000mrad wid=0 fnum:14 fnum_noise:0
Altitude(km) W[g/kg] dW[g/kg] R355 dR355 T[K] RO[gm^-3] PZ^2_355 Wsonde[g/kg] dWsonde[g/kg]
0.190370 1.479000e+01 3.506000e-01 8.879000e-02 1.652000e-02 2.869000e+02 1.203000e+00 3.389202e+03 0.000000e+00 0.000000e+00
0.265320 1.457000e+01 2.891000e-01 2.061000e-01 3.789000e-02 2.864000e+02 1.194000e+00 7.659848e+03 0.000000e+00 0.000000e+00
0.340270 1.455000e+01 2.867000e-01 3.462000e-01 6.314000e-02 2.859000e+02 1.185000e+00 1.258184e+04 0.000000e+00 0.000000e+00
0.415210 1.405000e+01 3.001000e-01 4.681000e-01 8.494000e-02 2.854000e+02 1.177000e+00 1.666618e+04 0.000000e+00 0.000000e+00
0.490160 1.397000e+01 3.259000e-01 5.761000e-01 1.042000e-01 2.849000e+02 1.168000e+00 2.011700e+04 0.000000e+00 0.000000e+00
0.565110 1.285000e+01 3.370000e-01 6.526000e-01 1.178000e-01 2.845000e+02 1.160000e+00 2.236083e+04 0.000000e+00 0.000000e+00
0.640060 1.358000e+01 3.906000e-01 6.899000e-01 1.243000e-01 2.840000e+02 1.151000e+00 2.320916e+04 0.000000e+00 0.000000e+00
0.715010 1.289000e+01 4.386000e-01 6.597000e-01 1.186000e-01 2.835000e+02 1.143000e+00 2.179717e+04 0.000000e+00 0.000000e+00
0.789960 1.346000e+01 5.131000e-01 6.921000e-01 1.242000e-01 2.830000e+02 1.135000e+00 2.246318e+04 0.000000e+00 0.000000e+00
0.864900 1.319000e+01 5.836000e-01 7.593000e-01 1.362000e-01 2.825000e+02 1.126000e+00 2.421574e+04 0.000000e+00 0.000000e+00
0.939850 1.279000e+01 6.589000e-01 8.199000e-01 1.470000e-01 2.820000e+02 1.118000e+00 2.569700e+04 0.000000e+00 0.000000e+00
1.014800 1.281000e+01 7.552000e-01 8.931000e-01 1.601000e-01 2.815000e+02 1.110000e+00 2.750935e+04 0.000000e+00 0.000000e+00
1.127220 1.324000e+01 6.548000e-01 1.049000e+00 2.522000e-01 2.808000e+02 1.098000e+00 3.239341e+04 0.000000e+00 0.000000e+00
1.277120 1.366000e+01 8.900000e-01 2.583000e+00 5.488000e-01 2.798000e+02 1.082000e+00 6.725319e+04 0.000000e+00 0.000000e+00
1.427010 1.598000e+01 1.424000e+00 4.160000e+00 2.767000e-01 2.788000e+02 1.066000e+00 8.018353e+04 0.000000e+00 0.000000e+00
1.576910 1.259000e+01 2.054000e+00 1.036000e+00 6.903000e-02 2.779000e+02 1.050000e+00 1.927840e+04 0.000000e+00 0.000000e+00
1.726810 1.521000e+01 2.560000e+00 1.194000e+00 7.794000e-02 2.769000e+02 1.034000e+00 2.115857e+04 0.000000e+00 0.000000e+00
1.876700 1.176000e+01 3.317000e+00 1.540000e+00 8.625000e-02 2.759000e+02 1.019000e+00 2.527640e+04 0.000000e+00 0.000000e+00
2.026600 1.146000e+01 4.194000e+00 1.542000e+00 7.024000e-02 2.750000e+02 1.004000e+00 2.347267e+04 0.000000e+00 0.000000e+00
2.176500 1.174000e+01 5.470000e+00 1.334000e+00 5.510000e-02 2.740000e+02 9.887000e-01 1.917262e+04 0.000000e+00 0.000000e+00
2.326390 7.499000e-01 6.551000e+00 1.157000e+00 4.708000e-02 2.730000e+02 9.737000e-01 1.592244e+04 0.000000e+00 0.000000e+00
2.476290 1.616000e+01 8.311000e+00 1.054000e+00 4.322000e-02 2.720000e+02 9.590000e-01 1.399677e+04 0.000000e+00 0.000000e+00
2.626180 1.526000e+01 1.050000e+01 1.026000e+00 4.245000e-02 2.711000e+02 9.445000e-01 1.318941e+04 0.000000e+00 0.000000e+00
2.776080 1.769000e+01 1.128000e+01 1.059000e+00 4.395000e-02 2.701000e+02 9.302000e-01 1.314824e+04 0.000000e+00 0.000000e+00
2.925980 -9.990000e+02 -9.990000e+11 1.043000e+00 4.368000e-02 2.691000e+02 9.161000e-01 1.252321e+04 0.000000e+00 0.000000e+00
3.075870 1.123000e+01 1.447000e+01 1.004000e+00 4.266000e-02 2.682000e+02 9.021000e-01 1.169563e+04 0.000000e+00 0.000000e+00
3.225770 -9.990000e+02 -2.735000e+105 9.734000e-01 4.211000e-02 2.672000e+02 8.881000e-01 1.101417e+04 0.000000e+00 0.000000e+00
3.375670 3.662000e+01 2.444000e+01 1.015000e+00 4.422000e-02 2.662000e+02 8.744000e-01 1.112959e+04 0.000000e+00 0.000000e+00
3.525560 -9.990000e+02 -2.735000e+105 9.833000e-01 4.374000e-02 2.652000e+02 8.608000e-01 1.048150e+04 0.000000e+00 0.000000e+00
3.675460 -9.990000e+02 -2.735000e+105 9.716000e-01 4.402000e-02 2.643000e+02 8.475000e-01 1.006417e+04 0.000000e+00 0.000000e+00
3.825350 1.148000e+01 2.681000e+01 8.869000e-01 4.125000e-02 2.633000e+02 8.344000e-01 8.943540e+03 0.000000e+00 0.000000e+00
3.975250 3.022000e+01 2.284000e+01 9.580000e-01 4.475000e-02 2.623000e+02 8.215000e-01 9.381064e+03 0.000000e+00 0.000000e+00
4.125150 1.836000e+00 2.972000e+01 1.017000e+00 4.782000e-02 2.613000e+02 8.085000e-01 9.667075e+03 0.000000e+00 0.000000e+00
4.275040 2.873000e+01 5.401000e+01 9.386000e-01 4.565000e-02 2.604000e+02 7.957000e-01 8.688688e+03 0.000000e+00 0.000000e+00
4.424940 6.489000e+01 4.603000e+01 1.000000e+00 1.312000e-02 2.594000e+02 7.830000e-01 8.994890e+03 0.000000e+00 0.000000e+00
4.574830 1.744000e+01 3.594000e+01 1.439000e+00 7.343000e-02 2.584000e+02 7.706000e-01 1.217268e+04 0.000000e+00 0.000000e+00
4.724730 7.348000e+00 4.405000e+01 1.596000e+00 9.278000e-02 2.574000e+02 7.584000e-01 1.265912e+04 0.000000e+00 0.000000e+00
4.874630 8.269000e+00 3.043000e+01 2.443000e+00 2.110000e-01 2.565000e+02 7.463000e-01 1.721431e+04 0.000000e+00 0.000000e+00
5.024520 1.328000e+01 5.191000e+01 1.161000e+01 7.071000e+00 2.555000e+02 7.345000e-01 4.255155e+04 0.000000e+00 0.000000e+00
5.174420 1.055000e+02 1.060000e+02 1.000000e+07 1.293000e+40 2.545000e+02 7.225000e-01 3.164697e+04 0.000000e+00 0.000000e+00
5.324320 5.555000e+01 7.772000e+01 1.000000e+07 2.587000e+40 2.536000e+02 7.108000e-01 2.751723e+04 0.000000e+00 0.000000e+00
5.474210 -9.990000e+02 -2.735000e+105 1.000000e+07 4.090000e+40 2.526000e+02 6.992000e-01 3.585661e+04 0.000000e+00 0.000000e+00
5.624110 -9.990000e+02 -2.735000e+105 1.000000e+07 5.784000e+40 2.516000e+02 6.878000e-01 2.128171e+04 0.000000e+00 0.000000e+00
5.774000 3.752000e+02 7.310000e+03 1.000000e+07 7.652000e+40 2.506000e+02 6.766000e-01 6.933087e+04 0.000000e+00 0.000000e+00
5.923900 1.357000e+103 1.727000e+205 1.000000e+07 9.679000e+40 2.497000e+02 6.656000e-01 4.669526e+04 0.000000e+00 0.000000e+00
6.073800 -9.990000e+02 -3.016000e+105 1.000000e+07 1.185000e+41 2.487000e+02 6.547000e-01 1.900168e+03 0.000000e+00 0.000000e+00
6.223690 5.635000e+103 7.171000e+205 1.000000e+07 1.417000e+41 2.477000e+02 6.437000e-01 2.498787e+03 0.000000e+00 0.000000e+00
6.373590 -9.990000e+02 -2.735000e+105 1.000000e+07 1.661000e+41 2.467000e+02 6.330000e-01 3.108224e+03 0.000000e+00 0.000000e+00
6.523490 -9.990000e+02 -3.016000e+105 1.000000e+07 1.918000e+41 2.458000e+02 6.224000e-01 2.787891e+03 0.000000e+00 0.000000e+00
6.673380 1.751000e+104 2.229000e+206 1.000000e+07 2.187000e+41 2.448000e+02 6.121000e-01 2.895205e+03 0.000000e+00 0.000000e+00
6.823280 6.774000e+02 1.938000e+03 1.000000e+07 2.468000e+41 2.438000e+02 6.018000e-01 3.143160e+03 0.000000e+00 0.000000e+00
6.973170 -9.990000e+02 -2.735000e+105 1.000000e+07 2.759000e+41 2.429000e+02 5.918000e-01 2.504564e+03 0.000000e+00 0.000000e+00
7.123070 -9.990000e+02 -2.735000e+105 1.000000e+07 3.061000e+41 2.419000e+02 5.817000e-01 2.486526e+03 0.000000e+00 0.000000e+00
7.272970 -9.990000e+02 -2.735000e+105 1.000000e+07 3.373000e+41 2.409000e+02 5.717000e-01 2.327743e+03 0.000000e+00 0.000000e+00
7.422860 8.826000e+103 1.123000e+206 1.000000e+07 3.695000e+41 2.399000e+02 5.620000e-01 1.790920e+03 0.000000e+00 0.000000e+00
7.572760 -9.990000e+02 -3.016000e+105 1.000000e+07 4.026000e+41 2.390000e+02 5.523000e-01 2.036054e+03 0.000000e+00 0.000000e+00
7.722660 1.577000e+104 2.007000e+206 1.000000e+07 4.367000e+41 2.380000e+02 5.429000e-01 1.580613e+03 0.000000e+00 0.000000e+00
7.872550 -9.990000e+02 -2.735000e+105 1.000000e+07 4.717000e+41 2.370000e+02 5.336000e-01 1.022712e+03 0.000000e+00 0.000000e+00
8.022450 1.586000e+104 2.019000e+206 1.000000e+07 5.076000e+41 2.361000e+02 5.244000e-01 9.976620e+02 0.000000e+00 0.000000e+00
8.172340 1.860000e+103 2.367000e+205 1.000000e+07 5.443000e+41 2.351000e+02 5.152000e-01 6.679232e+02 0.000000e+00 0.000000e+00
8.322240 -9.990000e+02 -2.735000e+105 1.000000e+07 5.819000e+41 2.341000e+02 5.061000e-01 6.580173e+02 0.000000e+00 0.000000e+00
8.472140 6.734000e+02 9.800000e+03 1.000000e+07 6.203000e+41 2.331000e+02 4.972000e-01 8.972880e+02 0.000000e+00 0.000000e+00
8.622030 -9.990000e+02 -3.016000e+105 1.000000e+07 6.595000e+41 2.322000e+02 4.884000e-01 8.549719e+02 0.000000e+00 0.000000e+00
8.771930 -9.990000e+02 -3.016000e+105 1.000000e+07 6.995000e+41 2.312000e+02 4.798000e-01 8.080045e+02 0.000000e+00 0.000000e+00
8.921830 -9.990000e+02 -3.016000e+105 1.000000e+07 7.403000e+41 2.302000e+02 4.714000e-01 1.114481e+03 0.000000e+00 0.000000e+00
9.071720 2.732000e+02 4.494000e+02 1.000000e+07 7.819000e+41 2.293000e+02 4.630000e-01 1.069938e+03 0.000000e+00 0.000000e+00
9.221620 1.674000e+02 1.748000e+02 1.000000e+07 8.241000e+41 2.283000e+02 4.546000e-01 1.020543e+03 0.000000e+00 0.000000e+00
9.371510 1.031000e+02 1.936000e+02 1.000000e+07 8.672000e+41 2.273000e+02 4.464000e-01 8.783209e+02 0.000000e+00 0.000000e+00
9.521410 1.415000e+00 5.848000e+01 1.000000e+07 9.109000e+41 2.263000e+02 4.383000e-01 9.066437e+02 0.000000e+00 0.000000e+00
9.671310 -9.990000e+02 -3.016000e+105 1.000000e+07 9.554000e+41 2.254000e+02 4.304000e-01 8.886441e+02 0.000000e+00 0.000000e+00
9.821200 -9.990000e+02 -2.735000e+105 1.000000e+07 1.001000e+42 2.244000e+02 4.226000e-01 1.205799e+03 0.000000e+00 0.000000e+00
