2021/07/10 02:30:45-02:44:44 JST
fH2O= 58.55 /mnt/d/data/Na210710/02/Na024344.(00-0d)25ns 24000/40bin dz149.90 8330 shot 1.000mrad wid=0 fnum:14 fnum_noise:0
Altitude(km) W[g/kg] dW[g/kg] R355 dR355 T[K] RO[gm^-3] PZ^2_355 Wsonde[g/kg] dWsonde[g/kg]
0.190370 1.964000e+01 2.792000e-01 2.100000e-01 3.815000e-02 2.869000e+02 1.203000e+00 4.553063e+03 0.000000e+00 0.000000e+00
0.265320 1.710000e+01 2.346000e-01 2.056000e-01 3.691000e-02 2.864000e+02 1.194000e+00 4.342095e+03 0.000000e+00 0.000000e+00
0.340270 1.595000e+01 2.208000e-01 3.136000e-01 5.578000e-02 2.859000e+02 1.185000e+00 6.475155e+03 0.000000e+00 0.000000e+00
0.415210 1.524000e+01 2.207000e-01 4.097000e-01 7.240000e-02 2.854000e+02 1.177000e+00 8.288598e+03 0.000000e+00 0.000000e+00
0.490160 1.421000e+01 2.188000e-01 5.018000e-01 8.824000e-02 2.849000e+02 1.168000e+00 9.954094e+03 0.000000e+00 0.000000e+00
0.565110 1.422000e+01 2.255000e-01 7.485000e-01 1.315000e-01 2.845000e+02 1.160000e+00 1.456983e+04 0.000000e+00 0.000000e+00
0.640060 1.596000e+01 2.642000e-01 1.042000e+00 1.829000e-01 2.840000e+02 1.151000e+00 1.988390e+04 0.000000e+00 0.000000e+00
0.715010 1.543000e+01 2.820000e-01 1.240000e+00 2.170000e-01 2.835000e+02 1.143000e+00 2.297609e+04 0.000000e+00 0.000000e+00
0.789960 1.498000e+01 3.074000e-01 1.187000e+00 2.072000e-01 2.830000e+02 1.135000e+00 2.141907e+04 0.000000e+00 0.000000e+00
0.864900 1.503000e+01 3.363000e-01 1.027000e+00 1.792000e-01 2.825000e+02 1.126000e+00 1.818922e+04 0.000000e+00 0.000000e+00
0.939850 1.448000e+01 3.557000e-01 8.651000e-01 1.509000e-01 2.820000e+02 1.118000e+00 1.505891e+04 0.000000e+00 0.000000e+00
1.014800 1.318000e+01 3.605000e-01 8.480000e-01 1.479000e-01 2.815000e+02 1.110000e+00 1.450834e+04 0.000000e+00 0.000000e+00
1.127220 1.468000e+01 3.047000e-01 9.843000e-01 2.263000e-01 2.808000e+02 1.098000e+00 1.688289e+04 0.000000e+00 0.000000e+00
1.277120 1.426000e+01 3.417000e-01 1.001000e+00 2.294000e-01 2.798000e+02 1.082000e+00 1.659599e+04 0.000000e+00 0.000000e+00
1.427010 1.452000e+01 4.132000e-01 4.264000e+00 3.934000e-01 2.788000e+02 1.066000e+00 5.184897e+04 0.000000e+00 0.000000e+00
1.576910 1.265000e+01 4.631000e-01 2.153000e+00 1.227000e-01 2.779000e+02 1.050000e+00 2.300628e+04 0.000000e+00 0.000000e+00
1.726810 1.088000e+01 4.706000e-01 9.901000e-01 5.720000e-02 2.769000e+02 1.034000e+00 1.023639e+04 0.000000e+00 0.000000e+00
1.876700 1.063000e+01 5.165000e-01 9.912000e-01 5.753000e-02 2.759000e+02 1.019000e+00 9.918842e+03 0.000000e+00 0.000000e+00
2.026600 9.425000e+00 5.275000e-01 9.808000e-01 5.723000e-02 2.750000e+02 1.004000e+00 9.500997e+03 0.000000e+00 0.000000e+00
2.176500 1.094000e+01 6.382000e-01 1.063000e+00 6.191000e-02 2.740000e+02 9.887000e-01 9.922649e+03 0.000000e+00 0.000000e+00
2.326390 1.066000e+01 6.822000e-01 1.050000e+00 6.128000e-02 2.730000e+02 9.737000e-01 9.451304e+03 0.000000e+00 0.000000e+00
2.476290 1.078000e+01 7.498000e-01 1.149000e+00 6.635000e-02 2.720000e+02 9.590000e-01 9.909789e+03 0.000000e+00 0.000000e+00
2.626180 1.188000e+01 8.753000e-01 1.158000e+00 6.632000e-02 2.711000e+02 9.445000e-01 9.561605e+03 0.000000e+00 0.000000e+00
2.776080 9.588000e+00 8.152000e-01 1.007000e+00 5.854000e-02 2.701000e+02 9.302000e-01 8.056774e+03 0.000000e+00 0.000000e+00
2.925980 6.765000e+00 7.171000e-01 1.048000e+00 6.113000e-02 2.691000e+02 9.161000e-01 8.099817e+03 0.000000e+00 0.000000e+00
3.075870 6.779000e+00 7.798000e-01 1.007000e+00 5.939000e-02 2.682000e+02 9.021000e-01 7.536942e+03 0.000000e+00 0.000000e+00
3.225770 6.456000e+00 8.167000e-01 1.109000e+00 6.516000e-02 2.672000e+02 8.881000e-01 7.992087e+03 0.000000e+00 0.000000e+00
3.375670 6.435000e+00 8.871000e-01 1.104000e+00 6.526000e-02 2.662000e+02 8.744000e-01 7.661124e+03 0.000000e+00 0.000000e+00
3.525560 4.346000e+00 7.557000e-01 1.050000e+00 6.304000e-02 2.652000e+02 8.608000e-01 7.042393e+03 0.000000e+00 0.000000e+00
3.675460 4.804000e+00 8.270000e-01 1.027000e+00 6.259000e-02 2.643000e+02 8.475000e-01 6.672734e+03 0.000000e+00 0.000000e+00
3.825350 4.212000e+00 8.162000e-01 1.040000e+00 6.408000e-02 2.633000e+02 8.344000e-01 6.539161e+03 0.000000e+00 0.000000e+00
3.975250 4.432000e+00 9.093000e-01 1.022000e+00 6.404000e-02 2.623000e+02 8.215000e-01 6.230804e+03 0.000000e+00 0.000000e+00
4.125150 8.457000e+00 1.374000e+00 1.006000e+00 6.417000e-02 2.613000e+02 8.085000e-01 5.951308e+03 0.000000e+00 0.000000e+00
4.275040 7.043000e+00 1.289000e+00 1.030000e+00 6.649000e-02 2.604000e+02 7.957000e-01 5.906755e+03 0.000000e+00 0.000000e+00
4.424940 8.129000e+00 1.523000e+00 9.316000e-01 6.246000e-02 2.594000e+02 7.830000e-01 5.191386e+03 0.000000e+00 0.000000e+00
4.574830 7.411000e+00 1.528000e+00 9.554000e-01 6.499000e-02 2.584000e+02 7.706000e-01 5.171972e+03 0.000000e+00 0.000000e+00
4.724730 7.955000e+00 1.680000e+00 1.041000e+00 7.081000e-02 2.574000e+02 7.584000e-01 5.460602e+03 0.000000e+00 0.000000e+00
4.874630 9.159000e+00 1.848000e+00 1.000000e+00 1.312000e-02 2.565000e+02 7.463000e-01 5.099127e+03 0.000000e+00 0.000000e+00
5.024520 5.628000e+00 1.541000e+00 9.525000e-01 6.903000e-02 2.555000e+02 7.345000e-01 4.722755e+03 0.000000e+00 0.000000e+00
5.174420 1.046000e+01 2.096000e+00 7.655000e+00 2.476000e+00 2.545000e+02 7.225000e-01 2.506278e+04 0.000000e+00 0.000000e+00
5.324320 4.797000e+00 1.602000e+00 1.681000e+01 2.043000e+01 2.536000e+02 7.108000e-01 2.246976e+04 0.000000e+00 0.000000e+00
5.474210 3.462000e+00 1.619000e+00 2.792000e+00 3.432000e+00 2.526000e+02 6.992000e-01 3.327162e+03 0.000000e+00 0.000000e+00
5.624110 6.673000e+00 2.264000e+00 3.554000e+00 4.443000e+00 2.516000e+02 6.878000e-01 3.606806e+03 0.000000e+00 0.000000e+00
5.774000 5.152000e+00 2.231000e+00 3.288000e+00 4.168000e+00 2.506000e+02 6.766000e-01 2.901103e+03 0.000000e+00 0.000000e+00
5.923900 3.970000e+00 1.864000e+00 3.534000e+00 4.550000e+00 2.497000e+02 6.656000e-01 2.685092e+03 0.000000e+00 0.000000e+00
6.073800 2.950000e+00 1.531000e+00 5.678000e+00 7.611000e+00 2.487000e+02 6.547000e-01 3.357807e+03 0.000000e+00 0.000000e+00
6.223690 2.273000e+00 2.102000e+00 5.893000e+00 8.235000e+00 2.477000e+02 6.437000e-01 2.731261e+03 0.000000e+00 0.000000e+00
6.373590 1.525000e+00 1.404000e+00 9.611000e+00 1.498000e+01 2.467000e+02 6.330000e-01 3.026954e+03 0.000000e+00 0.000000e+00
6.523490 4.726000e+00 2.489000e+00 2.213000e+01 6.109000e+01 2.458000e+02 6.224000e-01 3.320003e+03 0.000000e+00 0.000000e+00
6.673380 2.711000e+00 1.929000e+00 1.066000e+03 1.111000e+08 2.448000e+02 6.121000e-01 3.786169e+03 0.000000e+00 0.000000e+00
6.823280 1.190000e+00 1.756000e+00 1.000000e+07 1.293000e+40 2.438000e+02 6.018000e-01 5.448608e+03 0.000000e+00 0.000000e+00
6.973170 2.791000e+00 2.591000e+00 1.000000e+07 2.587000e+40 2.429000e+02 5.918000e-01 7.077149e+03 0.000000e+00 0.000000e+00
7.123070 1.103000e+01 6.153000e+00 1.000000e+07 4.090000e+40 2.419000e+02 5.817000e-01 8.247749e+03 0.000000e+00 0.000000e+00
7.272970 1.564000e+00 2.312000e+00 1.000000e+07 5.784000e+40 2.409000e+02 5.717000e-01 7.804625e+03 0.000000e+00 0.000000e+00
7.422860 5.481000e+00 3.988000e+00 1.000000e+07 7.652000e+40 2.399000e+02 5.620000e-01 8.184768e+03 0.000000e+00 0.000000e+00
7.572760 3.361000e+00 5.023000e+00 1.000000e+07 9.679000e+40 2.390000e+02 5.523000e-01 8.719508e+03 0.000000e+00 0.000000e+00
7.722660 4.381000e-01 3.974000e+00 1.000000e+07 1.185000e+41 2.380000e+02 5.429000e-01 1.297724e+04 0.000000e+00 0.000000e+00
7.872550 -9.990000e+02 -1.303000e+103 1.000000e+07 1.417000e+41 2.370000e+02 5.336000e-01 9.888657e+03 0.000000e+00 0.000000e+00
8.022450 2.604000e-01 2.361000e+00 1.000000e+07 1.661000e+41 2.361000e+02 5.244000e-01 2.317232e+03 0.000000e+00 0.000000e+00
8.172340 -9.990000e+02 -1.303000e+103 1.000000e+07 1.918000e+41 2.351000e+02 5.152000e-01 1.903642e+03 0.000000e+00 0.000000e+00
8.322240 5.529000e-01 5.016000e+00 1.000000e+07 2.187000e+41 2.341000e+02 5.061000e-01 1.697036e+03 0.000000e+00 0.000000e+00
8.472140 -9.990000e+02 -1.303000e+103 1.000000e+07 2.468000e+41 2.331000e+02 4.972000e-01 1.507466e+03 0.000000e+00 0.000000e+00
8.622030 5.179000e-01 4.699000e+00 1.000000e+07 2.759000e+41 2.322000e+02 4.884000e-01 1.486929e+03 0.000000e+00 0.000000e+00
8.771930 -9.990000e+02 -1.303000e+103 1.000000e+07 3.061000e+41 2.312000e+02 4.798000e-01 1.308213e+03 0.000000e+00 0.000000e+00
8.921830 3.074000e-01 2.788000e+00 1.000000e+07 3.373000e+41 2.302000e+02 4.714000e-01 1.472719e+03 0.000000e+00 0.000000e+00
9.071720 1.681000e+01 1.817000e+01 1.000000e+07 3.695000e+41 2.293000e+02 4.630000e-01 9.876338e+02 0.000000e+00 0.000000e+00
9.221620 6.317000e+00 9.683000e+00 1.000000e+07 4.026000e+41 2.283000e+02 4.546000e-01 8.079260e+02 0.000000e+00 0.000000e+00
9.371510 8.235000e-01 7.476000e+00 1.000000e+07 4.367000e+41 2.273000e+02 4.464000e-01 1.756672e+03 0.000000e+00 0.000000e+00
9.521410 1.363000e+00 1.239000e+01 1.000000e+07 4.717000e+41 2.263000e+02 4.383000e-01 1.405311e+03 0.000000e+00 0.000000e+00
9.671310 -9.990000e+02 -1.303000e+103 1.000000e+07 5.076000e+41 2.254000e+02 4.304000e-01 2.151505e+03 0.000000e+00 0.000000e+00
9.821200 2.054000e+01 3.841000e+01 1.000000e+07 5.443000e+41 2.244000e+02 4.226000e-01 1.495199e+03 0.000000e+00 0.000000e+00
