2021/07/10 20:30:11-20:44:10 JST
fH2O= 58.55 /mnt/d/data/Na210710/20/Na204310.(00-0d)25ns 24000/40bin dz149.90 8330 shot 1.000mrad wid=0 fnum:14 fnum_noise:0
Altitude(km) W[g/kg] dW[g/kg] R355 dR355 T[K] RO[gm^-3] PZ^2_355 Wsonde[g/kg] dWsonde[g/kg]
0.190370 1.772000e+01 2.500000e-01 -9.990000e+02 -9.527000e+02 2.869000e+02 1.203000e+00 7.629073e+03 0.000000e+00 0.000000e+00
0.265320 1.667000e+01 3.485000e-01 -9.990000e+02 -9.527000e+02 2.864000e+02 1.194000e+00 4.673381e+04 0.000000e+00 0.000000e+00
0.340270 1.606000e+01 1.201000e+00 -9.990000e+02 -9.527000e+02 2.859000e+02 1.185000e+00 1.153865e+04 0.000000e+00 0.000000e+00
0.415210 1.274000e+01 5.181000e+00 -9.990000e+02 -9.529000e+02 2.854000e+02 1.177000e+00 3.268603e+02 0.000000e+00 0.000000e+00
0.490160 1.763000e+01 7.411000e+00 -9.990000e+02 -9.533000e+02 2.849000e+02 1.168000e+00 1.991959e+02 0.000000e+00 0.000000e+00
0.565110 -9.990000e+02 -9.990000e+11 -9.990000e+02 -9.540000e+02 2.845000e+02 1.160000e+00 1.281357e+02 0.000000e+00 0.000000e+00
0.640060 3.567000e+00 3.254000e+00 -9.990000e+02 -9.543000e+02 2.840000e+02 1.151000e+00 1.307480e+02 0.000000e+00 0.000000e+00
0.715010 7.571000e+00 5.364000e+00 -9.990000e+02 -9.550000e+02 2.835000e+02 1.143000e+00 1.150649e+02 0.000000e+00 0.000000e+00
0.789960 1.366000e+01 8.416000e+00 -9.990000e+02 -9.566000e+02 2.830000e+02 1.135000e+00 8.301032e+01 0.000000e+00 0.000000e+00
0.864900 7.748000e+00 7.258000e+00 -9.990000e+02 -9.609000e+02 2.825000e+02 1.126000e+00 4.712947e+01 0.000000e+00 0.000000e+00
0.939850 5.246000e+00 8.763000e+00 -9.990000e+02 -9.658000e+02 2.820000e+02 1.118000e+00 3.444975e+01 0.000000e+00 0.000000e+00
1.014800 1.998000e+01 1.281000e+01 -9.990000e+02 -9.661000e+02 2.815000e+02 1.110000e+00 3.913362e+01 0.000000e+00 0.000000e+00
1.127220 1.873000e+01 1.060000e+01 -9.990000e+02 -6.775000e+02 2.808000e+02 1.098000e+00 2.477848e+01 0.000000e+00 0.000000e+00
1.277120 5.744000e+00 8.203000e+00 -9.990000e+02 -6.853000e+02 2.798000e+02 1.082000e+00 2.202003e+01 0.000000e+00 0.000000e+00
1.427010 2.189000e+01 1.441000e+01 -9.990000e+02 -6.873000e+02 2.788000e+02 1.066000e+00 2.545575e+01 0.000000e+00 0.000000e+00
1.576910 1.628000e+00 1.094000e+01 -9.990000e+02 -7.017000e+02 2.779000e+02 1.050000e+00 1.989408e+01 0.000000e+00 0.000000e+00
1.726810 -9.990000e+02 -9.990000e+11 -9.990000e+02 -7.072000e+02 2.769000e+02 1.034000e+00 2.087410e+01 0.000000e+00 0.000000e+00
1.876700 -9.990000e+02 -9.990000e+11 -9.990000e+02 -7.461000e+02 2.759000e+02 1.019000e+00 1.232755e+01 0.000000e+00 0.000000e+00
2.026600 -9.990000e+02 -1.264000e+103 -9.990000e+02 -7.297000e+02 2.750000e+02 1.004000e+00 1.848287e+01 0.000000e+00 0.000000e+00
2.176500 1.684000e+01 2.551000e+01 -9.990000e+02 -7.142000e+02 2.740000e+02 9.887000e-01 2.842439e+01 0.000000e+00 0.000000e+00
2.326390 -9.990000e+02 -1.264000e+103 -9.990000e+02 -7.297000e+02 2.730000e+02 9.737000e-01 2.435566e+01 0.000000e+00 0.000000e+00
2.476290 -9.990000e+02 -1.842000e+103 -9.990000e+02 -7.297000e+02 2.720000e+02 9.590000e-01 2.759551e+01 0.000000e+00 0.000000e+00
2.626180 2.797000e+00 1.884000e+01 -9.990000e+02 -7.297000e+02 2.711000e+02 9.445000e-01 3.103737e+01 0.000000e+00 0.000000e+00
2.776080 -9.990000e+02 -1.264000e+103 -9.990000e+02 -7.924000e+02 2.701000e+02 9.302000e-01 1.541402e+01 0.000000e+00 0.000000e+00
2.925980 5.449000e+00 3.691000e+01 -9.990000e+02 -7.237000e+02 2.691000e+02 9.161000e-01 4.280925e+01 0.000000e+00 0.000000e+00
3.075870 -9.990000e+02 -1.264000e+103 -9.990000e+02 -7.371000e+02 2.682000e+02 9.021000e-01 3.784603e+01 0.000000e+00 0.000000e+00
3.225770 3.684000e+00 2.485000e+01 -9.990000e+02 -7.575000e+02 2.672000e+02 8.881000e-01 3.121850e+01 0.000000e+00 0.000000e+00
3.375670 -9.990000e+02 -1.842000e+103 -9.990000e+02 -7.924000e+02 2.662000e+02 8.744000e-01 2.279153e+01 0.000000e+00 0.000000e+00
3.525560 -9.990000e+02 -1.264000e+103 -9.990000e+02 -7.575000e+02 2.652000e+02 8.608000e-01 3.729083e+01 0.000000e+00 0.000000e+00
3.675460 -9.990000e+02 -1.264000e+103 -9.990000e+02 -7.924000e+02 2.643000e+02 8.475000e-01 2.701951e+01 0.000000e+00 0.000000e+00
3.825350 -9.990000e+02 -1.264000e+103 -9.990000e+02 -7.371000e+02 2.633000e+02 8.344000e-01 5.853669e+01 0.000000e+00 0.000000e+00
3.975250 3.667000e+00 2.474000e+01 -9.990000e+02 -8.214000e+02 2.623000e+02 8.215000e-01 2.370524e+01 0.000000e+00 0.000000e+00
4.125150 -9.990000e+02 -1.264000e+103 -9.990000e+02 -7.723000e+02 2.613000e+02 8.085000e-01 4.254462e+01 0.000000e+00 0.000000e+00
4.275040 -9.990000e+02 -1.264000e+103 -9.990000e+02 -7.924000e+02 2.604000e+02 7.957000e-01 3.655404e+01 0.000000e+00 0.000000e+00
4.424940 -9.990000e+02 -1.842000e+103 -9.990000e+02 -9.317000e+02 2.594000e+02 7.830000e-01 9.790590e+00 0.000000e+00 0.000000e+00
4.574830 -9.990000e+02 -1.842000e+103 -9.990000e+02 -8.666000e+02 2.584000e+02 7.706000e-01 2.093025e+01 0.000000e+00 0.000000e+00
4.724730 1.245000e+03 1.720000e+04 -9.990000e+02 -1.311000e+01 2.574000e+02 7.584000e-01 1.116217e+01 0.000000e+00 0.000000e+00
4.874630 -9.990000e+02 -1.264000e+103 -9.990000e+02 -7.723000e+02 2.565000e+02 7.463000e-01 5.940861e+01 0.000000e+00 0.000000e+00
5.024520 1.130000e+101 1.516000e+201 -9.990000e+02 -7.924000e+02 2.555000e+02 7.345000e-01 5.049461e+01 0.000000e+00 0.000000e+00
5.174420 -9.990000e+02 -1.264000e+103 -9.990000e+02 -8.214000e+02 2.545000e+02 7.225000e-01 4.016430e+01 0.000000e+00 0.000000e+00
5.324320 -9.990000e+02 -1.264000e+103 -9.990000e+02 -8.666000e+02 2.536000e+02 7.108000e-01 2.835003e+01 0.000000e+00 0.000000e+00
5.474210 4.000000e+01 4.552000e+01 -9.990000e+02 -8.666000e+02 2.526000e+02 6.992000e-01 2.996872e+01 0.000000e+00 0.000000e+00
5.624110 1.126000e+101 1.511000e+201 -9.990000e+02 -9.317000e+02 2.516000e+02 6.878000e-01 0.000000e+00 0.000000e+00 0.000000e+00
5.774000 -9.990000e+02 -1.264000e+103 -9.990000e+02 -8.666000e+02 2.506000e+02 6.766000e-01 3.334104e+01 0.000000e+00 0.000000e+00
5.923900 -9.990000e+02 -1.842000e+103 -9.990000e+02 -9.317000e+02 2.497000e+02 6.656000e-01 1.754732e+01 0.000000e+00 0.000000e+00
6.073800 1.124000e+02 1.723000e+03 -9.990000e+02 -9.317000e+02 2.487000e+02 6.547000e-01 1.844661e+01 0.000000e+00 0.000000e+00
6.223690 -9.990000e+02 -1.264000e+103 -9.990000e+02 -9.317000e+02 2.477000e+02 6.437000e-01 0.000000e+00 0.000000e+00 0.000000e+00
6.373590 -9.990000e+02 -1.842000e+103 -9.990000e+02 -8.666000e+02 2.467000e+02 6.330000e-01 4.062508e+01 0.000000e+00 0.000000e+00
6.523490 1.121000e+02 2.000000e+02 -9.990000e+02 -8.666000e+02 2.458000e+02 6.224000e-01 4.255847e+01 0.000000e+00 0.000000e+00
6.673380 -9.990000e+02 -1.264000e+103 -9.990000e+02 -8.666000e+02 2.448000e+02 6.121000e-01 4.453668e+01 0.000000e+00 0.000000e+00
6.823280 -9.990000e+02 -1.264000e+103 -9.990000e+02 -9.317000e+02 2.438000e+02 6.018000e-01 0.000000e+00 0.000000e+00 0.000000e+00
6.973170 1.119000e+02 1.716000e+03 -9.990000e+02 -9.317000e+02 2.429000e+02 5.918000e-01 2.431401e+01 0.000000e+00 0.000000e+00
7.123070 -9.990000e+02 -1.264000e+103 -9.990000e+02 -8.666000e+02 2.419000e+02 5.817000e-01 5.074120e+01 0.000000e+00 0.000000e+00
7.272970 1.016000e+01 6.996000e+01 -9.990000e+02 -8.666000e+02 2.409000e+02 5.717000e-01 5.289931e+01 0.000000e+00 0.000000e+00
7.422860 6.702000e+101 8.992000e+201 -9.990000e+02 -9.317000e+02 2.399000e+02 5.620000e-01 0.000000e+00 0.000000e+00 0.000000e+00
7.572760 6.698000e+02 9.280000e+03 -9.990000e+02 -9.317000e+02 2.390000e+02 5.523000e-01 0.000000e+00 0.000000e+00 0.000000e+00
7.722660 6.694000e+101 8.981000e+201 -9.990000e+02 -9.317000e+02 2.380000e+02 5.429000e-01 0.000000e+00 0.000000e+00 0.000000e+00
7.872550 -9.990000e+02 -1.842000e+103 -9.990000e+02 -8.666000e+02 2.370000e+02 5.336000e-01 6.198085e+01 0.000000e+00 0.000000e+00
8.022450 -9.990000e+02 -1.264000e+103 -9.990000e+02 -9.317000e+02 2.361000e+02 5.244000e-01 0.000000e+00 0.000000e+00 0.000000e+00
8.172340 -9.990000e+02 -1.842000e+103 -9.990000e+02 -9.317000e+02 2.351000e+02 5.152000e-01 3.339561e+01 0.000000e+00 0.000000e+00
8.322240 -9.990000e+02 -1.264000e+103 -9.990000e+02 -9.317000e+02 2.341000e+02 5.061000e-01 0.000000e+00 0.000000e+00 0.000000e+00
8.472140 -9.990000e+02 -1.264000e+103 -9.990000e+02 -9.317000e+02 2.331000e+02 4.972000e-01 0.000000e+00 0.000000e+00 0.000000e+00
8.622030 -9.990000e+02 -1.264000e+103 -9.990000e+02 -8.666000e+02 2.322000e+02 4.884000e-01 7.434401e+01 0.000000e+00 0.000000e+00
8.771930 -9.990000e+02 -1.264000e+103 -9.990000e+02 -9.317000e+02 2.312000e+02 4.798000e-01 3.847575e+01 0.000000e+00 0.000000e+00
8.921830 6.664000e+101 8.941000e+201 -9.990000e+02 -9.317000e+02 2.302000e+02 4.714000e-01 3.980198e+01 0.000000e+00 0.000000e+00
9.071720 1.009000e+01 6.948000e+01 -9.990000e+02 -9.317000e+02 2.293000e+02 4.630000e-01 4.115059e+01 0.000000e+00 0.000000e+00
9.221620 6.657000e+101 8.932000e+201 -9.990000e+02 -9.317000e+02 2.283000e+02 4.546000e-01 4.252177e+01 0.000000e+00 0.000000e+00
9.371510 -9.990000e+02 -1.264000e+103 -9.990000e+02 -9.317000e+02 2.273000e+02 4.464000e-01 0.000000e+00 0.000000e+00 0.000000e+00
9.521410 -9.990000e+02 -1.842000e+103 -9.990000e+02 -8.666000e+02 2.263000e+02 4.383000e-01 9.066292e+01 0.000000e+00 0.000000e+00
9.671310 -9.990000e+02 -1.842000e+103 -9.990000e+02 -9.317000e+02 2.254000e+02 4.304000e-01 4.677002e+01 0.000000e+00 0.000000e+00
9.821200 1.107000e+02 1.698000e+03 -9.990000e+02 -8.666000e+02 2.244000e+02 4.226000e-01 9.646202e+01 0.000000e+00 0.000000e+00
