2021/07/09 04:30:39-04:44:38 JST
fH2O= 58.55 /mnt/d/data/Na210709/04/Na044338.(00-0d)25ns 24000/40bin dz149.90 8330 shot 1.000mrad wid=0 fnum:14 fnum_noise:0
Altitude(km) W[g/kg] dW[g/kg] R355 dR355 T[K] RO[gm^-3] PZ^2_355 Wsonde[g/kg] dWsonde[g/kg]
0.190370 2.299000e+01 3.297000e-01 1.000000e+07 3.234000e+39 2.869000e+02 1.203000e+00 7.723482e+03 0.000000e+00 0.000000e+00
0.265320 2.124000e+01 3.769000e-01 1.000000e+07 5.113000e+39 2.864000e+02 1.194000e+00 3.947190e+04 0.000000e+00 0.000000e+00
0.340270 2.142000e+01 7.484000e-01 1.000000e+07 7.230000e+39 2.859000e+02 1.185000e+00 1.742755e+04 0.000000e+00 0.000000e+00
0.415210 2.064000e+01 1.273000e+00 1.000000e+07 9.565000e+39 2.854000e+02 1.177000e+00 8.943916e+03 0.000000e+00 0.000000e+00
0.490160 1.961000e+01 2.534000e+00 1.000000e+07 1.210000e+40 2.849000e+02 1.168000e+00 3.927111e+03 0.000000e+00 0.000000e+00
0.565110 1.721000e+01 4.696000e+00 1.000000e+07 1.482000e+40 2.845000e+02 1.160000e+00 1.077564e+03 0.000000e+00 0.000000e+00
0.640060 -9.990000e+02 -9.990000e+11 1.000000e+07 1.771000e+40 2.840000e+02 1.151000e+00 5.456680e+02 0.000000e+00 0.000000e+00
0.715010 -9.990000e+02 -9.990000e+11 1.000000e+07 2.077000e+40 2.835000e+02 1.143000e+00 4.961846e+02 0.000000e+00 0.000000e+00
0.789960 1.431000e+01 2.182000e+01 1.000000e+07 2.398000e+40 2.830000e+02 1.135000e+00 1.885446e+02 0.000000e+00 0.000000e+00
0.864900 -9.990000e+02 -6.318000e+102 1.000000e+07 2.734000e+40 2.825000e+02 1.126000e+00 6.508625e+01 0.000000e+00 0.000000e+00
0.939850 2.065000e+01 3.340000e+01 1.000000e+07 3.085000e+40 2.820000e+02 1.118000e+00 5.211809e+01 0.000000e+00 0.000000e+00
1.014800 -9.990000e+02 -9.990000e+11 1.000000e+07 3.449000e+40 2.815000e+02 1.110000e+00 2.986466e+01 0.000000e+00 0.000000e+00
1.127220 -9.990000e+02 -1.701000e+103 1.000000e+07 1.185000e+41 2.808000e+02 1.098000e+00 3.811966e+00 0.000000e+00 0.000000e+00
1.277120 -9.990000e+02 -7.738000e+102 1.000000e+07 1.417000e+41 2.798000e+02 1.082000e+00 2.446620e+00 0.000000e+00 0.000000e+00
1.427010 -9.990000e+02 -1.701000e+103 1.000000e+07 1.661000e+41 2.788000e+02 1.066000e+00 4.072847e+00 0.000000e+00 0.000000e+00
1.576910 -9.990000e+02 -9.990000e+11 1.000000e+07 1.918000e+41 2.779000e+02 1.050000e+00 2.486730e+00 0.000000e+00 0.000000e+00
1.726810 -9.990000e+02 -1.701000e+103 1.000000e+07 2.187000e+41 2.769000e+02 1.034000e+00 4.472980e+00 0.000000e+00 0.000000e+00
1.876700 -9.990000e+02 -1.701000e+103 1.000000e+07 2.468000e+41 2.759000e+02 1.019000e+00 7.044298e+00 0.000000e+00 0.000000e+00
2.026600 -9.990000e+02 -9.990000e+11 1.000000e+07 2.759000e+41 2.750000e+02 1.004000e+00 4.107278e+00 0.000000e+00 0.000000e+00
2.176500 -9.990000e+02 -9.990000e+11 1.000000e+07 3.061000e+41 2.740000e+02 9.887000e-01 7.106045e+00 0.000000e+00 0.000000e+00
2.326390 -9.990000e+02 -7.738000e+102 1.000000e+07 3.373000e+41 2.730000e+02 9.737000e-01 5.412334e+00 0.000000e+00 0.000000e+00
2.476290 -9.990000e+02 -1.701000e+103 1.000000e+07 3.695000e+41 2.720000e+02 9.590000e-01 1.533079e+01 0.000000e+00 0.000000e+00
2.626180 -9.990000e+02 -1.701000e+103 1.000000e+07 4.026000e+41 2.711000e+02 9.445000e-01 3.448573e+00 0.000000e+00 0.000000e+00
2.776080 -9.990000e+02 -9.990000e+11 1.000000e+07 4.367000e+41 2.701000e+02 9.302000e-01 2.697461e+01 0.000000e+00 0.000000e+00
2.925980 1.040000e+01 1.822000e+01 1.000000e+07 4.717000e+41 2.691000e+02 9.161000e-01 8.561785e+00 0.000000e+00 0.000000e+00
3.075870 8.343000e+01 1.077000e+02 1.000000e+07 5.076000e+41 2.682000e+02 9.021000e-01 1.419220e+01 0.000000e+00 0.000000e+00
3.225770 -9.990000e+02 -1.701000e+103 1.000000e+07 5.443000e+41 2.672000e+02 8.881000e-01 2.081230e+01 0.000000e+00 0.000000e+00
3.375670 -9.990000e+02 -1.701000e+103 1.000000e+07 5.819000e+41 2.662000e+02 8.744000e-01 5.128117e+01 0.000000e+00 0.000000e+00
3.525560 -9.990000e+02 -1.701000e+103 1.000000e+07 6.203000e+41 2.652000e+02 8.608000e-01 1.864537e+01 0.000000e+00 0.000000e+00
3.675460 -9.990000e+02 -1.701000e+103 1.000000e+07 6.595000e+41 2.643000e+02 8.475000e-01 2.701951e+01 0.000000e+00 0.000000e+00
3.825350 -9.990000e+02 -1.701000e+103 1.000000e+07 6.995000e+41 2.633000e+02 8.344000e-01 1.463409e+01 0.000000e+00 0.000000e+00
3.975250 -9.990000e+02 -7.738000e+102 1.000000e+07 7.403000e+41 2.623000e+02 8.215000e-01 0.000000e+00 0.000000e+00 0.000000e+00
4.125150 -9.990000e+02 -7.738000e+102 1.000000e+07 7.819000e+41 2.613000e+02 8.085000e-01 1.701780e+01 0.000000e+00 0.000000e+00
4.275040 3.971000e+101 6.023000e+201 1.000000e+07 8.241000e+41 2.604000e+02 7.957000e-01 2.741551e+01 0.000000e+00 0.000000e+00
4.424940 2.097000e+102 3.181000e+202 1.000000e+07 8.672000e+41 2.594000e+02 7.830000e-01 9.790590e+00 0.000000e+00 0.000000e+00
4.574830 9.628000e+101 1.460000e+202 1.000000e+07 9.109000e+41 2.584000e+02 7.706000e-01 1.046512e+01 0.000000e+00 0.000000e+00
4.724730 3.961000e+101 6.007000e+201 1.000000e+07 9.554000e+41 2.574000e+02 7.584000e-01 4.464877e+01 0.000000e+00 0.000000e+00
4.874630 -9.990000e+02 -7.738000e+102 1.000000e+07 1.001000e+42 2.565000e+02 7.463000e-01 0.000000e+00 0.000000e+00 0.000000e+00
5.024520 3.955000e+101 5.997000e+201 1.000000e+07 1.046000e+42 2.555000e+02 7.345000e-01 2.524725e+01 0.000000e+00 0.000000e+00
5.174420 -9.990000e+02 -1.701000e+103 1.000000e+07 1.093000e+42 2.545000e+02 7.225000e-01 1.338808e+01 0.000000e+00 0.000000e+00
5.324320 -9.990000e+02 -7.738000e+102 1.000000e+07 1.140000e+42 2.536000e+02 7.108000e-01 4.252509e+01 0.000000e+00 0.000000e+00
5.474210 3.945000e+101 5.983000e+201 1.000000e+07 1.188000e+42 2.526000e+02 6.992000e-01 0.000000e+00 0.000000e+00 0.000000e+00
5.624110 -9.990000e+02 -1.701000e+103 1.000000e+07 1.236000e+42 2.516000e+02 6.878000e-01 3.163247e+01 0.000000e+00 0.000000e+00
5.774000 3.939000e+101 5.974000e+201 1.000000e+07 1.286000e+42 2.506000e+02 6.766000e-01 0.000000e+00 0.000000e+00 0.000000e+00
5.923900 -9.990000e+02 -1.701000e+103 1.000000e+07 1.335000e+42 2.497000e+02 6.656000e-01 0.000000e+00 0.000000e+00 0.000000e+00
6.073800 -9.990000e+02 -1.701000e+103 1.000000e+07 1.386000e+42 2.487000e+02 6.547000e-01 5.533992e+01 0.000000e+00 0.000000e+00
6.223690 4.624000e+01 1.225000e+02 1.000000e+07 1.437000e+42 2.477000e+02 6.437000e-01 1.936830e+01 0.000000e+00 0.000000e+00
6.373590 -9.990000e+02 -1.701000e+103 1.000000e+07 1.489000e+42 2.467000e+02 6.330000e-01 4.062508e+01 0.000000e+00 0.000000e+00
6.523490 -9.990000e+02 -7.738000e+102 1.000000e+07 1.541000e+42 2.458000e+02 6.224000e-01 0.000000e+00 0.000000e+00 0.000000e+00
6.673380 -9.990000e+02 -1.701000e+103 1.000000e+07 1.594000e+42 2.448000e+02 6.121000e-01 4.453668e+01 0.000000e+00 0.000000e+00
6.823280 -9.990000e+02 -7.738000e+102 1.000000e+07 1.647000e+42 2.438000e+02 6.018000e-01 0.000000e+00 0.000000e+00 0.000000e+00
6.973170 3.917000e+101 5.941000e+201 1.000000e+07 1.701000e+42 2.429000e+02 5.918000e-01 0.000000e+00 0.000000e+00 0.000000e+00
7.123070 4.605000e+01 1.220000e+02 1.000000e+07 1.756000e+42 2.419000e+02 5.817000e-01 0.000000e+00 0.000000e+00 0.000000e+00
7.272970 -9.990000e+02 -1.701000e+103 1.000000e+07 1.811000e+42 2.409000e+02 5.717000e-01 2.644964e+01 0.000000e+00 0.000000e+00
7.422860 4.600000e+01 1.218000e+02 1.000000e+07 1.867000e+42 2.399000e+02 5.620000e-01 5.510221e+01 0.000000e+00 0.000000e+00
7.572760 -9.990000e+02 -1.701000e+103 1.000000e+07 1.923000e+42 2.390000e+02 5.523000e-01 5.735020e+01 0.000000e+00 0.000000e+00
7.722660 -9.990000e+02 -1.701000e+103 1.000000e+07 1.980000e+42 2.380000e+02 5.429000e-01 0.000000e+00 0.000000e+00 0.000000e+00
7.872550 -9.990000e+02 -1.701000e+103 1.000000e+07 2.037000e+42 2.370000e+02 5.336000e-01 0.000000e+00 0.000000e+00 0.000000e+00
8.022450 3.900000e+101 5.915000e+201 1.000000e+07 2.095000e+42 2.361000e+02 5.244000e-01 6.436366e+01 0.000000e+00 0.000000e+00
8.172340 9.467000e+101 1.436000e+202 1.000000e+07 2.153000e+42 2.351000e+02 5.152000e-01 1.335828e+02 0.000000e+00 0.000000e+00
8.322240 -9.990000e+02 -1.701000e+103 1.000000e+07 2.212000e+42 2.341000e+02 5.061000e-01 3.463196e+01 0.000000e+00 0.000000e+00
8.472140 -9.990000e+02 -1.701000e+103 1.000000e+07 2.272000e+42 2.331000e+02 4.972000e-01 3.589078e+01 0.000000e+00 0.000000e+00
8.622030 9.451000e+101 1.433000e+202 1.000000e+07 2.332000e+42 2.322000e+02 4.884000e-01 0.000000e+00 0.000000e+00 0.000000e+00
8.771930 -9.990000e+02 -7.738000e+102 1.000000e+07 2.393000e+42 2.312000e+02 4.798000e-01 3.847575e+01 0.000000e+00 0.000000e+00
8.921830 -9.990000e+02 -7.738000e+102 1.000000e+07 2.454000e+42 2.302000e+02 4.714000e-01 0.000000e+00 0.000000e+00 0.000000e+00
9.071720 -9.990000e+02 -1.701000e+103 1.000000e+07 2.515000e+42 2.293000e+02 4.630000e-01 4.115059e+01 0.000000e+00 0.000000e+00
9.221620 -9.990000e+02 -1.701000e+103 1.000000e+07 2.577000e+42 2.283000e+02 4.546000e-01 8.504358e+01 0.000000e+00 0.000000e+00
9.371510 -9.990000e+02 -1.701000e+103 1.000000e+07 2.640000e+42 2.273000e+02 4.464000e-01 4.391532e+01 0.000000e+00 0.000000e+00
9.521410 3.880000e+101 5.884000e+201 1.000000e+07 2.703000e+42 2.263000e+02 4.383000e-01 4.533144e+01 0.000000e+00 0.000000e+00
9.671310 -9.990000e+02 -1.701000e+103 1.000000e+07 2.767000e+42 2.254000e+02 4.304000e-01 0.000000e+00 0.000000e+00 0.000000e+00
9.821200 -9.990000e+02 -7.738000e+102 1.000000e+07 2.831000e+42 2.244000e+02 4.226000e-01 4.823099e+01 0.000000e+00 0.000000e+00
