2021/07/09 04:00:42-04:14:40 JST
fH2O= 58.55 /mnt/d/data/Na210709/04/Na041341.(00-0d)25ns 24000/40bin dz149.90 8330 shot 1.000mrad wid=0 fnum:14 fnum_noise:0
Altitude(km) W[g/kg] dW[g/kg] R355 dR355 T[K] RO[gm^-3] PZ^2_355 Wsonde[g/kg] dWsonde[g/kg]
0.190370 2.322000e+01 4.144000e-01 -9.990000e+02 -1.194000e+03 2.869000e+02 1.203000e+00 7.982631e+03 0.000000e+00 0.000000e+00
0.265320 2.151000e+01 5.251000e-01 -9.990000e+02 -1.194000e+03 2.864000e+02 1.194000e+00 2.980973e+04 0.000000e+00 0.000000e+00
0.340270 1.975000e+01 1.395000e+00 -9.990000e+02 -1.194000e+03 2.859000e+02 1.185000e+00 1.296410e+04 0.000000e+00 0.000000e+00
0.415210 1.974000e+01 4.262000e+00 -9.990000e+02 -1.194000e+03 2.854000e+02 1.177000e+00 1.543549e+03 0.000000e+00 0.000000e+00
0.490160 1.444000e+01 5.351000e+00 -9.990000e+02 -1.194000e+03 2.849000e+02 1.168000e+00 4.748710e+02 0.000000e+00 0.000000e+00
0.565110 1.638000e+01 1.298000e+01 -9.990000e+02 -1.195000e+03 2.845000e+02 1.160000e+00 3.323694e+02 0.000000e+00 0.000000e+00
0.640060 2.192000e+01 2.456000e+01 -9.990000e+02 -1.196000e+03 2.840000e+02 1.151000e+00 9.630505e+01 0.000000e+00 0.000000e+00
0.715010 -9.990000e+02 -9.990000e+11 -9.990000e+02 -1.198000e+03 2.835000e+02 1.143000e+00 5.624276e+01 0.000000e+00 0.000000e+00
0.789960 -9.990000e+02 -9.990000e+11 -9.990000e+02 -1.200000e+03 2.830000e+02 1.135000e+00 4.368488e+01 0.000000e+00 0.000000e+00
0.864900 -9.990000e+02 -8.935000e+102 -9.990000e+02 -1.197000e+03 2.825000e+02 1.126000e+00 9.726253e+01 0.000000e+00 0.000000e+00
0.939850 -9.990000e+02 -9.990000e+11 -9.990000e+02 -1.201000e+03 2.820000e+02 1.118000e+00 5.653536e+01 0.000000e+00 0.000000e+00
1.014800 -9.990000e+02 -1.515000e+103 -9.990000e+02 -1.230000e+03 2.815000e+02 1.110000e+00 1.132762e+01 0.000000e+00 0.000000e+00
1.127220 -9.990000e+02 -1.303000e+103 -9.990000e+02 -9.161000e+02 2.808000e+02 1.098000e+00 3.176636e+00 0.000000e+00 0.000000e+00
1.277120 -9.990000e+02 -1.303000e+103 -9.990000e+02 -9.161000e+02 2.798000e+02 1.082000e+00 4.077706e+00 0.000000e+00 0.000000e+00
1.427010 -9.990000e+02 -9.990000e+11 -9.990000e+02 -9.653000e+02 2.788000e+02 1.066000e+00 3.054633e+00 0.000000e+00 0.000000e+00
1.576910 -9.990000e+02 -9.990000e+11 -9.990000e+02 -1.014000e+03 2.779000e+02 1.050000e+00 2.486730e+00 0.000000e+00 0.000000e+00
1.726810 -9.990000e+02 -1.895000e+103 -9.990000e+02 -1.014000e+03 2.769000e+02 1.034000e+00 2.981983e+00 0.000000e+00 0.000000e+00
1.876700 -9.990000e+02 -1.303000e+103 -9.990000e+02 -9.653000e+02 2.759000e+02 1.019000e+00 5.283219e+00 0.000000e+00 0.000000e+00
2.026600 -9.990000e+02 -1.303000e+103 -9.990000e+02 -1.014000e+03 2.750000e+02 1.004000e+00 4.107278e+00 0.000000e+00 0.000000e+00
2.176500 -9.990000e+02 -1.303000e+103 -9.990000e+02 -1.112000e+03 2.740000e+02 9.887000e-01 2.368678e+00 0.000000e+00 0.000000e+00
2.326390 -9.990000e+02 -1.303000e+103 -9.990000e+02 -1.112000e+03 2.730000e+02 9.737000e-01 2.706166e+00 0.000000e+00 0.000000e+00
2.476290 -9.990000e+02 -1.303000e+103 -9.990000e+02 -9.358000e+02 2.720000e+02 9.590000e-01 1.226462e+01 0.000000e+00 0.000000e+00
2.626180 8.191000e+00 7.547000e+01 -9.990000e+02 -9.653000e+02 2.711000e+02 9.445000e-01 1.034574e+01 0.000000e+00 0.000000e+00
2.776080 -9.990000e+02 -1.895000e+103 -9.990000e+02 -9.653000e+02 2.701000e+02 9.302000e-01 1.156051e+01 0.000000e+00 0.000000e+00
2.925980 -9.990000e+02 -1.303000e+103 -9.990000e+02 -1.112000e+03 2.691000e+02 9.161000e-01 4.280890e+00 0.000000e+00 0.000000e+00
3.075870 -9.990000e+02 -1.303000e+103 -9.990000e+02 -1.014000e+03 2.682000e+02 9.021000e-01 9.461456e+00 0.000000e+00 0.000000e+00
3.225770 -9.990000e+02 -1.895000e+103 -9.990000e+02 -1.112000e+03 2.672000e+02 8.881000e-01 5.203061e+00 0.000000e+00 0.000000e+00
3.375670 -9.990000e+02 -1.303000e+103 -9.990000e+02 -9.161000e+02 2.662000e+02 8.744000e-01 2.848944e+01 0.000000e+00 0.000000e+00
3.525560 -9.990000e+02 -1.303000e+103 -9.990000e+02 -9.653000e+02 2.652000e+02 8.608000e-01 1.864537e+01 0.000000e+00 0.000000e+00
3.675460 4.166000e+00 3.799000e+01 -9.990000e+02 -1.112000e+03 2.643000e+02 8.475000e-01 6.754861e+00 0.000000e+00 0.000000e+00
3.825350 -9.990000e+02 -1.303000e+103 -9.990000e+02 -9.358000e+02 2.633000e+02 8.344000e-01 2.926825e+01 0.000000e+00 0.000000e+00
3.975250 1.307000e+03 3.656000e+04 -9.990000e+02 -1.112000e+03 2.623000e+02 8.215000e-01 7.901734e+00 0.000000e+00 0.000000e+00
4.125150 -9.990000e+02 -1.303000e+103 -9.990000e+02 -1.112000e+03 2.613000e+02 8.085000e-01 8.508896e+00 0.000000e+00 0.000000e+00
4.275040 -9.990000e+02 -1.895000e+103 -9.990000e+02 -1.014000e+03 2.604000e+02 7.957000e-01 1.827698e+01 0.000000e+00 0.000000e+00
4.424940 4.148000e+00 3.782000e+01 -9.990000e+02 -1.014000e+03 2.594000e+02 7.830000e-01 1.958119e+01 0.000000e+00 0.000000e+00
4.574830 -9.990000e+02 -1.303000e+103 -9.990000e+02 -1.014000e+03 2.584000e+02 7.706000e-01 2.093025e+01 0.000000e+00 0.000000e+00
4.724730 -9.990000e+02 -1.303000e+103 -9.990000e+02 -1.311000e+01 2.574000e+02 7.584000e-01 0.000000e+00 0.000000e+00 0.000000e+00
4.874630 1.696000e+02 4.981000e+03 -9.990000e+02 -1.014000e+03 2.565000e+02 7.463000e-01 2.376338e+01 0.000000e+00 0.000000e+00
5.024520 -9.990000e+02 -1.895000e+103 -9.990000e+02 -1.112000e+03 2.555000e+02 7.345000e-01 1.262362e+01 0.000000e+00 0.000000e+00
5.174420 -9.990000e+02 -1.895000e+103 -9.990000e+02 -1.154000e+03 2.545000e+02 7.225000e-01 0.000000e+00 0.000000e+00 0.000000e+00
5.324320 1.692000e+02 4.969000e+03 -9.990000e+02 -1.154000e+03 2.536000e+02 7.108000e-01 0.000000e+00 0.000000e+00 0.000000e+00
5.474210 -9.990000e+02 -1.895000e+103 -9.990000e+02 -1.154000e+03 2.526000e+02 6.992000e-01 0.000000e+00 0.000000e+00 0.000000e+00
5.624110 8.448000e+100 1.164000e+201 -9.990000e+02 -1.112000e+03 2.516000e+02 6.878000e-01 1.581623e+01 0.000000e+00 0.000000e+00
5.774000 -9.990000e+02 -1.895000e+103 -9.990000e+02 -1.154000e+03 2.506000e+02 6.766000e-01 0.000000e+00 0.000000e+00 0.000000e+00
5.923900 1.687000e+02 4.954000e+03 -9.990000e+02 -1.014000e+03 2.497000e+02 6.656000e-01 3.509467e+01 0.000000e+00 0.000000e+00
6.073800 6.154000e+01 1.353000e+02 -9.990000e+02 -1.112000e+03 2.487000e+02 6.547000e-01 1.844661e+01 0.000000e+00 0.000000e+00
6.223690 -9.990000e+02 -1.895000e+103 -9.990000e+02 -9.653000e+02 2.477000e+02 6.437000e-01 5.810500e+01 0.000000e+00 0.000000e+00
6.373590 1.683000e+02 4.943000e+03 -9.990000e+02 -1.112000e+03 2.467000e+02 6.330000e-01 2.031253e+01 0.000000e+00 0.000000e+00
6.523490 -9.990000e+02 -1.303000e+103 -9.990000e+02 -1.112000e+03 2.458000e+02 6.224000e-01 2.127923e+01 0.000000e+00 0.000000e+00
6.673380 -9.990000e+02 -1.895000e+103 -9.990000e+02 -1.154000e+03 2.448000e+02 6.121000e-01 0.000000e+00 0.000000e+00 0.000000e+00
6.823280 6.440000e+101 8.876000e+201 -9.990000e+02 -1.154000e+03 2.438000e+02 6.018000e-01 0.000000e+00 0.000000e+00 0.000000e+00
6.973170 1.146000e+02 2.146000e+02 -9.990000e+02 -1.112000e+03 2.429000e+02 5.918000e-01 2.431401e+01 0.000000e+00 0.000000e+00
7.123070 7.989000e+00 7.361000e+01 -9.990000e+02 -1.154000e+03 2.419000e+02 5.817000e-01 0.000000e+00 0.000000e+00 0.000000e+00
7.272970 -9.990000e+02 -1.303000e+103 -9.990000e+02 -1.154000e+03 2.409000e+02 5.717000e-01 0.000000e+00 0.000000e+00 0.000000e+00
7.422860 8.378000e+100 1.155000e+201 -9.990000e+02 -1.154000e+03 2.399000e+02 5.620000e-01 0.000000e+00 0.000000e+00 0.000000e+00
7.572760 -9.990000e+02 -1.895000e+103 -9.990000e+02 -1.014000e+03 2.390000e+02 5.523000e-01 5.735020e+01 0.000000e+00 0.000000e+00
7.722660 -9.990000e+02 -1.303000e+103 -9.990000e+02 -1.112000e+03 2.380000e+02 5.429000e-01 2.982155e+01 0.000000e+00 0.000000e+00
7.872550 -9.990000e+02 -1.303000e+103 -9.990000e+02 -1.112000e+03 2.370000e+02 5.336000e-01 3.099041e+01 0.000000e+00 0.000000e+00
8.022450 -9.990000e+02 -1.303000e+103 -9.990000e+02 -1.154000e+03 2.361000e+02 5.244000e-01 0.000000e+00 0.000000e+00 0.000000e+00
8.172340 -9.990000e+02 -1.303000e+103 -9.990000e+02 -1.154000e+03 2.351000e+02 5.152000e-01 0.000000e+00 0.000000e+00 0.000000e+00
8.322240 -9.990000e+02 -1.303000e+103 -9.990000e+02 -9.358000e+02 2.341000e+02 5.061000e-01 1.385282e+02 0.000000e+00 0.000000e+00
8.472140 -9.990000e+02 -1.303000e+103 -9.990000e+02 -1.154000e+03 2.331000e+02 4.972000e-01 0.000000e+00 0.000000e+00 0.000000e+00
8.622030 -9.990000e+02 -1.895000e+103 -9.990000e+02 -1.112000e+03 2.322000e+02 4.884000e-01 3.717198e+01 0.000000e+00 0.000000e+00
8.771930 -9.990000e+02 -1.895000e+103 -9.990000e+02 -1.112000e+03 2.312000e+02 4.798000e-01 3.847575e+01 0.000000e+00 0.000000e+00
8.921830 1.666000e+02 4.892000e+03 -9.990000e+02 -1.112000e+03 2.302000e+02 4.714000e-01 3.980198e+01 0.000000e+00 0.000000e+00
9.071720 -9.990000e+02 -1.895000e+103 -9.990000e+02 -1.112000e+03 2.293000e+02 4.630000e-01 4.115059e+01 0.000000e+00 0.000000e+00
9.221620 -9.990000e+02 -1.303000e+103 -9.990000e+02 -1.154000e+03 2.283000e+02 4.546000e-01 0.000000e+00 0.000000e+00 0.000000e+00
9.371510 4.057000e+00 3.700000e+01 -9.990000e+02 -1.112000e+03 2.273000e+02 4.464000e-01 4.391532e+01 0.000000e+00 0.000000e+00
9.521410 1.275000e+03 3.565000e+04 -9.990000e+02 -1.014000e+03 2.263000e+02 4.383000e-01 9.066292e+01 0.000000e+00 0.000000e+00
9.671310 -9.990000e+02 -1.303000e+103 -9.990000e+02 -1.154000e+03 2.254000e+02 4.304000e-01 0.000000e+00 0.000000e+00 0.000000e+00
9.821200 8.306000e+100 1.145000e+201 -9.990000e+02 -1.154000e+03 2.244000e+02 4.226000e-01 0.000000e+00 0.000000e+00 0.000000e+00
