2021/07/09 08:15:00-08:28:52 JST
fH2O= 62.19 /media/data/L0/Ko210709/08/Ko082800.(00-0d)25ns 24000/40bin dz149.90 7322 shot 0.300mrad wid=0 fnum:14 fnum_noise:0
Altitude(km) W[g/kg] dW[g/kg] R355 dR355 T[K] RO[gm^-3] PZ^2_355 Wsonde[g/kg] dWsonde[g/kg]
0.192370 2.022000e+01 5.357000e-01 1.067000e-01 2.746000e-02 2.869000e+02 1.202000e+00 3.001482e+03 0.000000e+00 0.000000e+00
0.267320 1.879000e+01 3.762000e-01 2.932000e-01 7.508000e-02 2.864000e+02 1.194000e+00 7.982818e+03 0.000000e+00 0.000000e+00
0.342270 1.934000e+01 3.425000e-01 5.322000e-01 1.360000e-01 2.859000e+02 1.185000e+00 1.412002e+04 0.000000e+00 0.000000e+00
0.417210 1.852000e+01 3.235000e-01 7.978000e-01 2.038000e-01 2.854000e+02 1.176000e+00 2.069007e+04 0.000000e+00 0.000000e+00
0.492160 1.766000e+01 3.271000e-01 1.012000e+00 2.581000e-01 2.849000e+02 1.168000e+00 2.567348e+04 0.000000e+00 0.000000e+00
0.567110 1.742000e+01 3.557000e-01 1.144000e+00 2.914000e-01 2.844000e+02 1.159000e+00 2.827550e+04 0.000000e+00 0.000000e+00
0.642060 1.673000e+01 3.974000e-01 1.305000e+00 3.315000e-01 2.840000e+02 1.151000e+00 3.119274e+04 0.000000e+00 0.000000e+00
0.717010 1.702000e+01 4.581000e-01 1.423000e+00 3.603000e-01 2.835000e+02 1.143000e+00 3.276621e+04 0.000000e+00 0.000000e+00
0.791960 1.658000e+01 5.247000e-01 1.587000e+00 3.996000e-01 2.830000e+02 1.134000e+00 3.493657e+04 0.000000e+00 0.000000e+00
0.866900 1.582000e+01 6.118000e-01 1.811000e+00 4.518000e-01 2.825000e+02 1.126000e+00 3.776207e+04 0.000000e+00 0.000000e+00
0.941850 1.604000e+01 7.476000e-01 2.406000e+00 5.861000e-01 2.820000e+02 1.118000e+00 4.628611e+04 0.000000e+00 0.000000e+00
1.016800 1.602000e+01 9.078000e-01 2.581000e+00 6.105000e-01 2.815000e+02 1.110000e+00 4.552003e+04 0.000000e+00 0.000000e+00
1.129220 1.603000e+01 9.149000e-01 3.995000e+00 9.866000e-01 2.808000e+02 1.098000e+00 5.614843e+04 0.000000e+00 0.000000e+00
1.279120 1.530000e+01 1.562000e+00 4.615000e+00 3.548000e-01 2.798000e+02 1.081000e+00 4.594671e+04 0.000000e+00 0.000000e+00
1.429010 1.424000e+01 2.391000e+00 1.789000e+00 1.039000e-01 2.788000e+02 1.065000e+00 1.610971e+04 0.000000e+00 0.000000e+00
1.578910 1.123000e+01 2.906000e+00 9.229000e-01 5.414000e-02 2.779000e+02 1.050000e+00 8.037691e+03 0.000000e+00 0.000000e+00
1.728810 9.908000e+00 3.666000e+00 9.488000e-01 5.583000e-02 2.769000e+02 1.034000e+00 7.993906e+03 0.000000e+00 0.000000e+00
1.878700 9.969000e+00 4.391000e+00 9.313000e-01 5.502000e-02 2.759000e+02 1.019000e+00 7.594279e+03 0.000000e+00 0.000000e+00
2.028600 1.196000e+01 5.392000e+00 9.249000e-01 5.487000e-02 2.750000e+02 1.004000e+00 7.302142e+03 0.000000e+00 0.000000e+00
2.178500 6.619000e+00 6.656000e+00 8.900000e-01 5.298000e-02 2.740000e+02 9.885000e-01 6.803365e+03 0.000000e+00 0.000000e+00
2.328390 1.363000e+01 6.959000e+00 9.154000e-01 5.470000e-02 2.730000e+02 9.735000e-01 6.776527e+03 0.000000e+00 0.000000e+00
2.478290 2.037000e+01 8.853000e+00 8.797000e-01 5.285000e-02 2.720000e+02 9.588000e-01 6.309885e+03 0.000000e+00 0.000000e+00
2.628180 1.803000e+01 9.697000e+00 9.322000e-01 5.625000e-02 2.711000e+02 9.443000e-01 6.478812e+03 0.000000e+00 0.000000e+00
2.778080 -9.990000e+02 -9.973000e+104 8.903000e-01 5.425000e-02 2.701000e+02 9.300000e-01 5.999413e+03 0.000000e+00 0.000000e+00
2.927980 6.924000e+00 1.229000e+01 1.006000e+00 6.123000e-02 2.691000e+02 9.159000e-01 6.569695e+03 0.000000e+00 0.000000e+00
3.077870 1.306000e+01 1.319000e+01 9.400000e-01 5.820000e-02 2.682000e+02 9.019000e-01 5.952939e+03 0.000000e+00 0.000000e+00
3.227770 1.178000e-01 1.303000e+01 9.596000e-01 6.006000e-02 2.672000e+02 8.879000e-01 5.894024e+03 0.000000e+00 0.000000e+00
3.377670 -9.990000e+02 -9.973000e+104 9.815000e-01 6.212000e-02 2.662000e+02 8.742000e-01 5.848071e+03 0.000000e+00 0.000000e+00
3.527560 -9.990000e+02 -9.973000e+104 8.913000e-01 5.779000e-02 2.652000e+02 8.607000e-01 5.156613e+03 0.000000e+00 0.000000e+00
3.677460 -9.990000e+02 -9.973000e+104 9.741000e-01 6.337000e-02 2.642000e+02 8.473000e-01 5.468691e+03 0.000000e+00 0.000000e+00
3.827350 6.191000e+00 1.810000e+01 9.898000e-01 6.529000e-02 2.633000e+02 8.342000e-01 5.395310e+03 0.000000e+00 0.000000e+00
3.977250 1.847000e+01 2.510000e+01 9.520000e-01 6.424000e-02 2.623000e+02 8.213000e-01 5.041975e+03 0.000000e+00 0.000000e+00
4.127150 1.522000e+01 4.007000e+01 9.493000e-01 6.522000e-02 2.613000e+02 8.083000e-01 4.883379e+03 0.000000e+00 0.000000e+00
4.277040 5.595000e+00 3.277000e+01 1.048000e+00 7.187000e-02 2.604000e+02 7.955000e-01 5.217056e+03 0.000000e+00 0.000000e+00
4.426940 1.923000e+01 2.580000e+01 1.042000e+00 7.275000e-02 2.594000e+02 7.829000e-01 5.029928e+03 0.000000e+00 0.000000e+00
4.576830 4.169000e+01 4.039000e+01 9.553000e-01 6.919000e-02 2.584000e+02 7.704000e-01 4.485081e+03 0.000000e+00 0.000000e+00
4.726730 2.848000e+01 6.608000e+01 1.002000e+00 7.317000e-02 2.574000e+02 7.582000e-01 4.571230e+03 0.000000e+00 0.000000e+00
4.876630 4.891000e+01 4.398000e+01 1.000000e+00 1.312000e-02 2.565000e+02 7.462000e-01 4.437309e+03 0.000000e+00 0.000000e+00
5.026520 2.048000e+01 7.370000e+01 9.954000e-01 7.590000e-02 2.555000e+02 7.343000e-01 4.297041e+03 0.000000e+00 0.000000e+00
5.176420 -9.990000e+02 -9.973000e+104 1.037000e+00 8.018000e-02 2.545000e+02 7.224000e-01 4.342624e+03 0.000000e+00 0.000000e+00
5.326320 -9.990000e+02 -9.973000e+104 1.021000e+00 8.116000e-02 2.535000e+02 7.106000e-01 4.157725e+03 0.000000e+00 0.000000e+00
5.476210 -9.990000e+02 -9.973000e+104 9.409000e-01 7.819000e-02 2.526000e+02 6.990000e-01 3.734844e+03 0.000000e+00 0.000000e+00
5.626110 -9.990000e+02 -9.973000e+104 9.337000e-01 7.960000e-02 2.516000e+02 6.877000e-01 3.609560e+03 0.000000e+00 0.000000e+00
5.776000 5.828000e+01 8.737000e+01 9.895000e-01 8.490000e-02 2.506000e+02 6.765000e-01 3.721002e+03 0.000000e+00 0.000000e+00
5.925900 -9.990000e+02 -9.973000e+104 1.542000e+00 1.258000e-01 2.497000e+02 6.655000e-01 5.445182e+03 0.000000e+00 0.000000e+00
6.075800 -9.990000e+02 -9.973000e+104 1.000000e+07 1.293000e+40 2.487000e+02 6.545000e-01 4.801807e+04 0.000000e+00 0.000000e+00
6.225690 1.682000e+103 8.501000e+204 1.000000e+07 2.587000e+40 2.477000e+02 6.436000e-01 3.746439e+04 0.000000e+00 0.000000e+00
6.375590 2.345000e+01 1.252000e+02 1.000000e+07 4.090000e+40 2.467000e+02 6.329000e-01 3.110285e+03 0.000000e+00 0.000000e+00
6.525490 -9.990000e+02 -1.118000e+105 1.000000e+07 5.784000e+40 2.458000e+02 6.223000e-01 1.682233e+03 0.000000e+00 0.000000e+00
6.675380 3.410000e+01 1.007000e+02 1.000000e+07 7.652000e+40 2.448000e+02 6.119000e-01 3.654847e+03 0.000000e+00 0.000000e+00
6.825280 1.677000e+103 8.477000e+204 1.000000e+07 9.679000e+40 2.438000e+02 6.017000e-01 3.238301e+03 0.000000e+00 0.000000e+00
6.975170 1.576000e+02 2.410000e+02 1.000000e+07 1.185000e+41 2.429000e+02 5.917000e-01 1.849076e+03 0.000000e+00 0.000000e+00
7.125070 1.641000e+01 1.377000e+02 1.000000e+07 1.417000e+41 2.419000e+02 5.816000e-01 1.904017e+03 0.000000e+00 0.000000e+00
7.274970 -9.990000e+02 -9.973000e+104 1.000000e+07 1.661000e+41 2.409000e+02 5.716000e-01 1.138012e+03 0.000000e+00 0.000000e+00
7.424860 -9.990000e+02 -9.973000e+104 1.000000e+07 1.918000e+41 2.399000e+02 5.618000e-01 1.543786e+03 0.000000e+00 0.000000e+00
7.574760 9.071000e+01 1.654000e+02 1.000000e+07 2.187000e+41 2.389000e+02 5.522000e-01 1.377202e+03 0.000000e+00 0.000000e+00
7.724660 1.119000e+03 8.879000e+03 1.000000e+07 2.468000e+41 2.380000e+02 5.427000e-01 1.312890e+03 0.000000e+00 0.000000e+00
7.874550 -9.990000e+02 -9.973000e+104 1.000000e+07 2.759000e+41 2.370000e+02 5.334000e-01 1.550391e+03 0.000000e+00 0.000000e+00
8.024450 3.464000e+103 1.751000e+205 1.000000e+07 3.061000e+41 2.361000e+02 5.243000e-01 1.674382e+03 0.000000e+00 0.000000e+00
8.174340 -9.990000e+02 -9.973000e+104 1.000000e+07 3.373000e+41 2.351000e+02 5.150000e-01 1.403365e+03 0.000000e+00 0.000000e+00
8.324240 1.856000e+02 3.432000e+02 1.000000e+07 3.695000e+41 2.341000e+02 5.060000e-01 1.593914e+03 0.000000e+00 0.000000e+00
8.474140 -9.990000e+02 -9.973000e+104 1.000000e+07 4.026000e+41 2.331000e+02 4.971000e-01 2.441904e+03 0.000000e+00 0.000000e+00
8.624030 2.208000e+02 4.792000e+02 1.000000e+07 4.367000e+41 2.321000e+02 4.883000e-01 8.034763e+03 0.000000e+00 0.000000e+00
8.773930 -9.990000e+02 -1.118000e+105 1.000000e+07 4.717000e+41 2.312000e+02 4.797000e-01 5.161799e+04 0.000000e+00 0.000000e+00
8.923830 1.036000e+02 1.063000e+03 1.000000e+07 5.076000e+41 2.302000e+02 4.713000e-01 4.380228e+02 0.000000e+00 0.000000e+00
9.073720 1.543000e+103 7.801000e+204 1.000000e+07 5.443000e+41 2.292000e+02 4.629000e-01 4.940310e+02 0.000000e+00 0.000000e+00
9.223620 -9.990000e+02 -1.118000e+105 1.000000e+07 5.819000e+41 2.283000e+02 4.545000e-01 3.403244e+02 0.000000e+00 0.000000e+00
9.373510 -9.990000e+02 -9.973000e+104 1.000000e+07 6.203000e+41 2.273000e+02 4.463000e-01 4.393451e+02 0.000000e+00 0.000000e+00
9.523410 -9.990000e+02 -9.973000e+104 1.000000e+07 6.595000e+41 2.263000e+02 4.382000e-01 7.709719e+02 0.000000e+00 0.000000e+00
9.673310 1.602000e+02 2.917000e+02 1.000000e+07 6.995000e+41 2.253000e+02 4.303000e-01 5.146886e+02 0.000000e+00 0.000000e+00
9.823200 1.242000e+103 6.279000e+204 1.000000e+07 7.403000e+41 2.244000e+02 4.225000e-01 3.860080e+02 0.000000e+00 0.000000e+00
