2021/07/09 08:30:19-08:44:17 JST
fH2O= 58.55 /mnt/d/data/Na210709/08/Na084318.(00-0d)25ns 24000/40bin dz149.90 8330 shot 1.000mrad wid=0 fnum:14 fnum_noise:0
Altitude(km) W[g/kg] dW[g/kg] R355 dR355 T[K] RO[gm^-3] PZ^2_355 Wsonde[g/kg] dWsonde[g/kg]
0.190370 2.041000e+01 3.169000e-01 -9.990000e+02 -5.128000e+02 2.869000e+02 1.203000e+00 6.115817e+03 0.000000e+00 0.000000e+00
0.265320 1.979000e+01 3.036000e-01 -9.990000e+02 -5.127000e+02 2.864000e+02 1.194000e+00 2.743444e+04 0.000000e+00 0.000000e+00
0.340270 1.999000e+01 5.455000e-01 -9.990000e+02 -5.128000e+02 2.859000e+02 1.185000e+00 3.796712e+04 0.000000e+00 0.000000e+00
0.415210 1.726000e+01 8.548000e-01 -9.990000e+02 -5.128000e+02 2.854000e+02 1.177000e+00 7.516999e+03 0.000000e+00 0.000000e+00
0.490160 1.607000e+01 9.409000e-01 -9.990000e+02 -5.128000e+02 2.849000e+02 1.168000e+00 4.089855e+03 0.000000e+00 0.000000e+00
0.565110 1.515000e+01 9.977000e-01 -9.990000e+02 -5.128000e+02 2.845000e+02 1.160000e+00 3.988617e+03 0.000000e+00 0.000000e+00
0.640060 1.451000e+01 1.149000e+00 -9.990000e+02 -5.128000e+02 2.840000e+02 1.151000e+00 4.216849e+03 0.000000e+00 0.000000e+00
0.715010 1.493000e+01 1.361000e+00 -9.990000e+02 -5.128000e+02 2.835000e+02 1.143000e+00 4.832375e+03 0.000000e+00 0.000000e+00
0.789960 1.650000e+01 1.544000e+00 -9.990000e+02 -5.129000e+02 2.830000e+02 1.135000e+00 4.951633e+03 0.000000e+00 0.000000e+00
0.864900 1.363000e+01 1.763000e+00 -9.990000e+02 -5.129000e+02 2.825000e+02 1.126000e+00 6.021048e+03 0.000000e+00 0.000000e+00
0.939850 1.556000e+01 2.140000e+00 -9.990000e+02 -5.129000e+02 2.820000e+02 1.118000e+00 7.083503e+03 0.000000e+00 0.000000e+00
1.014800 1.388000e+01 2.520000e+00 -9.990000e+02 -5.128000e+02 2.815000e+02 1.110000e+00 1.047986e+04 0.000000e+00 0.000000e+00
1.127220 1.481000e+01 2.593000e+00 0.000000e+00 nan 2.808000e+02 1.098000e+00 1.475875e+04 0.000000e+00 0.000000e+00
1.277120 1.737000e+01 6.783000e+00 0.000000e+00 nan 2.798000e+02 1.082000e+00 2.115662e+04 0.000000e+00 0.000000e+00
1.427010 8.673000e+00 1.436000e+01 0.000000e+00 nan 2.788000e+02 1.066000e+00 3.186423e+03 0.000000e+00 0.000000e+00
1.576910 3.221000e+00 1.967000e+01 0.000000e+00 nan 2.779000e+02 1.050000e+00 1.102464e+03 0.000000e+00 0.000000e+00
1.726810 -9.990000e+02 -9.990000e+11 0.000000e+00 nan 2.769000e+02 1.034000e+00 9.592393e+02 0.000000e+00 0.000000e+00
1.876700 2.241000e+00 2.898000e+01 0.000000e+00 nan 2.759000e+02 1.019000e+00 1.171784e+03 0.000000e+00 0.000000e+00
2.026600 -9.990000e+02 -9.990000e+11 0.000000e+00 nan 2.750000e+02 1.004000e+00 2.209712e+03 0.000000e+00 0.000000e+00
2.176500 1.431000e+01 5.521000e+01 0.000000e+00 nan 2.740000e+02 9.887000e-01 6.817384e+03 0.000000e+00 0.000000e+00
2.326390 -9.990000e+02 -9.990000e+11 0.000000e+00 nan 2.730000e+02 9.737000e-01 7.200050e+02 0.000000e+00 0.000000e+00
2.476290 -9.990000e+02 -9.262000e+104 0.000000e+00 nan 2.720000e+02 9.590000e-01 8.127142e+02 0.000000e+00 0.000000e+00
2.626180 -9.990000e+02 -1.021000e+105 0.000000e+00 nan 2.711000e+02 9.445000e-01 4.405234e+03 0.000000e+00 0.000000e+00
2.776080 -9.990000e+02 -9.262000e+104 0.000000e+00 nan 2.701000e+02 9.302000e-01 4.621270e+03 0.000000e+00 0.000000e+00
2.925980 -9.990000e+02 -9.990000e+11 0.000000e+00 nan 2.691000e+02 9.161000e-01 5.871766e+03 0.000000e+00 0.000000e+00
3.075870 -9.990000e+02 -1.021000e+105 -nan nan 2.682000e+02 9.021000e-01 5.185045e+03 0.000000e+00 0.000000e+00
3.225770 -9.990000e+02 -9.262000e+104 -nan nan 2.672000e+02 8.881000e-01 6.323144e+03 0.000000e+00 0.000000e+00
3.375670 3.078000e+02 3.321000e+03 -nan nan 2.662000e+02 8.744000e-01 2.621121e+02 0.000000e+00 0.000000e+00
3.525560 7.272000e+103 3.133000e+205 -nan nan 2.652000e+02 8.608000e-01 1.678118e+02 0.000000e+00 0.000000e+00
3.675460 6.294000e+103 2.712000e+205 -nan nan 2.643000e+02 8.475000e-01 1.823853e+02 0.000000e+00 0.000000e+00
3.825350 1.037000e+01 1.346000e+02 -nan nan 2.633000e+02 8.344000e-01 6.585384e+01 0.000000e+00 0.000000e+00
3.975250 -9.990000e+02 -1.021000e+105 -nan nan 2.623000e+02 8.215000e-01 1.422333e+02 0.000000e+00 0.000000e+00
4.125150 -9.990000e+02 -9.262000e+104 -nan nan 2.613000e+02 8.085000e-01 7.658058e+01 0.000000e+00 0.000000e+00
4.275040 6.388000e+01 1.515000e+02 -nan nan 2.604000e+02 7.957000e-01 9.138560e+01 0.000000e+00 0.000000e+00
4.424940 -9.990000e+02 -1.021000e+105 -nan nan 2.594000e+02 7.830000e-01 4.895312e+01 0.000000e+00 0.000000e+00
4.574830 -9.990000e+02 -9.262000e+104 -nan nan 2.584000e+02 7.706000e-01 6.279098e+01 0.000000e+00 0.000000e+00
4.724730 1.869000e+02 3.091000e+02 -nan -nan 2.574000e+02 7.584000e-01 4.464877e+01 0.000000e+00 0.000000e+00
4.874630 6.603000e+01 2.564000e+02 -nan nan 2.565000e+02 7.463000e-01 5.940861e+01 0.000000e+00 0.000000e+00
5.024520 3.866000e+02 1.548000e+03 -nan nan 2.555000e+02 7.345000e-01 8.836578e+01 0.000000e+00 0.000000e+00
5.174420 4.858000e+01 2.529000e+02 -nan nan 2.545000e+02 7.225000e-01 5.355245e+01 0.000000e+00 0.000000e+00
5.324320 1.309000e+02 1.192000e+02 -nan nan 2.536000e+02 7.108000e-01 4.252509e+01 0.000000e+00 0.000000e+00
5.474210 4.759000e+103 2.050000e+205 -nan nan 2.526000e+02 6.992000e-01 5.993757e+01 0.000000e+00 0.000000e+00
5.624110 4.077000e+103 1.757000e+205 -nan nan 2.516000e+02 6.878000e-01 3.163247e+01 0.000000e+00 0.000000e+00
5.774000 1.040000e+104 4.481000e+205 -nan nan 2.506000e+02 6.766000e-01 3.334104e+01 0.000000e+00 0.000000e+00
5.923900 9.676000e+102 4.169000e+204 -nan nan 2.497000e+02 6.656000e-01 1.754732e+01 0.000000e+00 0.000000e+00
6.073800 -9.990000e+02 -9.262000e+104 -nan nan 2.487000e+02 6.547000e-01 5.533992e+01 0.000000e+00 0.000000e+00
6.223690 6.281000e+102 2.706000e+204 -nan nan 2.477000e+02 6.437000e-01 1.355788e+02 0.000000e+00 0.000000e+00
6.373590 1.432000e+02 2.678000e+02 -nan nan 2.467000e+02 6.330000e-01 1.015630e+02 0.000000e+00 0.000000e+00
6.523490 -9.990000e+02 -1.021000e+105 -nan nan 2.458000e+02 6.224000e-01 6.383778e+01 0.000000e+00 0.000000e+00
6.673380 2.032000e+103 8.757000e+204 -nan nan 2.448000e+02 6.121000e-01 2.004163e+02 0.000000e+00 0.000000e+00
6.823280 6.917000e+03 2.292000e+05 -nan nan 2.438000e+02 6.018000e-01 9.312010e+01 0.000000e+00 0.000000e+00
6.973170 2.335000e+02 4.682000e+02 -nan nan 2.429000e+02 5.918000e-01 2.188276e+02 0.000000e+00 0.000000e+00
7.123070 3.207000e+103 1.382000e+205 -nan nan 2.419000e+02 5.817000e-01 1.775950e+02 0.000000e+00 0.000000e+00
7.272970 5.130000e+102 2.210000e+204 -nan nan 2.409000e+02 5.717000e-01 5.289931e+01 0.000000e+00 0.000000e+00
7.422860 4.604000e+103 1.984000e+205 -nan nan 2.399000e+02 5.620000e-01 5.510221e+01 0.000000e+00 0.000000e+00
7.572760 8.484000e+102 3.656000e+204 -nan nan 2.390000e+02 5.523000e-01 1.147006e+02 0.000000e+00 0.000000e+00
7.722660 -9.990000e+02 -9.262000e+104 -nan nan 2.380000e+02 5.429000e-01 8.946480e+01 0.000000e+00 0.000000e+00
7.872550 2.099000e+02 2.422000e+03 -nan nan 2.370000e+02 5.336000e-01 1.239619e+02 0.000000e+00 0.000000e+00
8.022450 -9.990000e+02 -1.021000e+105 -nan nan 2.361000e+02 5.244000e-01 6.436366e+01 0.000000e+00 0.000000e+00
8.172340 -9.990000e+02 -1.021000e+105 -nan nan 2.351000e+02 5.152000e-01 1.001870e+02 0.000000e+00 0.000000e+00
8.322240 -9.990000e+02 -1.021000e+105 -nan nan 2.341000e+02 5.061000e-01 1.385282e+02 0.000000e+00 0.000000e+00
8.472140 1.757000e+102 7.570000e+203 -nan nan 2.331000e+02 4.972000e-01 1.794545e+02 0.000000e+00 0.000000e+00
8.622030 1.124000e+02 2.134000e+02 -nan nan 2.322000e+02 4.884000e-01 3.717198e+01 0.000000e+00 0.000000e+00
8.771930 7.706000e+01 1.491000e+02 -nan nan 2.312000e+02 4.798000e-01 7.695153e+01 0.000000e+00 0.000000e+00
8.921830 -9.990000e+02 -1.021000e+105 -nan nan 2.302000e+02 4.714000e-01 0.000000e+00 0.000000e+00 0.000000e+00
9.071720 -9.990000e+02 -9.262000e+104 -nan nan 2.293000e+02 4.630000e-01 1.234520e+02 0.000000e+00 0.000000e+00
9.221620 4.201000e+02 2.580000e+03 -nan nan 2.283000e+02 4.546000e-01 2.551317e+02 0.000000e+00 0.000000e+00
9.371510 3.852000e+01 2.319000e+02 -nan nan 2.273000e+02 4.464000e-01 1.756617e+02 0.000000e+00 0.000000e+00
9.521410 1.385000e+02 5.158000e+02 -nan nan 2.263000e+02 4.383000e-01 2.266580e+02 0.000000e+00 0.000000e+00
9.671310 2.775000e+01 3.686000e+02 -nan nan 2.254000e+02 4.304000e-01 9.354010e+01 0.000000e+00 0.000000e+00
9.821200 7.453000e+103 3.211000e+205 -nan nan 2.244000e+02 4.226000e-01 1.929244e+02 0.000000e+00 0.000000e+00
