2021/07/09 03:15:00-03:28:52 JST
fH2O= 62.19 /media/data/L0/Ko210709/03/Ko032800.(00-0d)25ns 24000/40bin dz149.90 7308 shot 0.300mrad wid=0 fnum:14 fnum_noise:0
Altitude(km) W[g/kg] dW[g/kg] R355 dR355 T[K] RO[gm^-3] PZ^2_355 Wsonde[g/kg] dWsonde[g/kg]
0.192370 1.888000e+01 3.671000e-01 1.191000e-01 3.740000e-01 2.869000e+02 1.202000e+00 2.418437e+03 0.000000e+00 0.000000e+00
0.267320 1.849000e+01 2.849000e-01 3.362000e-01 1.056000e+00 2.864000e+02 1.194000e+00 6.608306e+03 0.000000e+00 0.000000e+00
0.342270 1.797000e+01 2.589000e-01 6.628000e-01 2.081000e+00 2.859000e+02 1.185000e+00 1.269655e+04 0.000000e+00 0.000000e+00
0.417210 1.771000e+01 2.481000e-01 1.072000e+00 3.362000e+00 2.854000e+02 1.176000e+00 2.000518e+04 0.000000e+00 0.000000e+00
0.492160 1.753000e+01 2.530000e-01 1.588000e+00 4.973000e+00 2.849000e+02 1.168000e+00 2.824622e+04 0.000000e+00 0.000000e+00
0.567110 1.715000e+01 2.705000e-01 3.251000e+00 1.009000e+01 2.844000e+02 1.159000e+00 5.109564e+04 0.000000e+00 0.000000e+00
0.642060 1.728000e+01 3.505000e-01 7.640000e+00 2.264000e+01 2.840000e+02 1.151000e+00 8.697658e+04 0.000000e+00 0.000000e+00
0.717010 1.652000e+01 4.674000e-01 6.143000e+00 1.765000e+01 2.835000e+02 1.143000e+00 5.436079e+04 0.000000e+00 0.000000e+00
0.791960 1.602000e+01 6.175000e-01 1.325000e+01 3.299000e+01 2.830000e+02 1.134000e+00 6.632195e+04 0.000000e+00 0.000000e+00
0.866900 1.761000e+01 1.131000e+00 2.013000e+01 3.632000e+01 2.825000e+02 1.126000e+00 4.210029e+04 0.000000e+00 0.000000e+00
0.941850 1.582000e+01 1.760000e+00 9.522000e+00 1.563000e+01 2.820000e+02 1.118000e+00 1.340384e+04 0.000000e+00 0.000000e+00
1.016800 1.131000e+01 1.959000e+00 1.649000e+00 2.701000e+00 2.815000e+02 1.110000e+00 2.217588e+03 0.000000e+00 0.000000e+00
1.129220 9.044000e+00 1.316000e+00 6.551000e-01 7.158000e-01 2.808000e+02 1.098000e+00 7.149673e+02 0.000000e+00 0.000000e+00
1.279120 1.155000e+01 1.813000e+00 5.866000e-01 6.408000e-01 2.798000e+02 1.081000e+00 6.189914e+02 0.000000e+00 0.000000e+00
1.429010 9.983000e+00 1.869000e+00 5.976000e-01 6.528000e-01 2.788000e+02 1.065000e+00 6.099740e+02 0.000000e+00 0.000000e+00
1.578910 1.228000e+01 2.491000e+00 5.806000e-01 6.342000e-01 2.779000e+02 1.050000e+00 5.736876e+02 0.000000e+00 0.000000e+00
1.728810 9.365000e+00 2.359000e+00 5.750000e-01 6.280000e-01 2.769000e+02 1.034000e+00 5.501774e+02 0.000000e+00 0.000000e+00
1.878700 9.729000e+00 2.527000e+00 5.655000e-01 6.176000e-01 2.759000e+02 1.019000e+00 5.243232e+02 0.000000e+00 0.000000e+00
2.028600 7.083000e+00 2.345000e+00 5.495000e-01 6.002000e-01 2.750000e+02 1.004000e+00 4.939758e+02 0.000000e+00 0.000000e+00
2.178500 1.314000e+01 4.331000e+00 5.639000e-01 6.159000e-01 2.740000e+02 9.885000e-01 4.913286e+02 0.000000e+00 0.000000e+00
2.328390 1.014000e+01 3.276000e+00 4.509000e-01 4.927000e-01 2.730000e+02 9.735000e-01 3.822844e+02 0.000000e+00 0.000000e+00
2.478290 8.803000e+00 3.784000e+00 4.705000e-01 5.141000e-01 2.720000e+02 9.588000e-01 3.870119e+02 0.000000e+00 0.000000e+00
2.628180 6.039000e+00 3.088000e+00 6.079000e-01 6.639000e-01 2.711000e+02 9.443000e-01 4.836097e+02 0.000000e+00 0.000000e+00
2.778080 5.403000e+00 3.770000e+00 6.552000e-01 7.156000e-01 2.701000e+02 9.300000e-01 5.056077e+02 0.000000e+00 0.000000e+00
2.927980 1.140000e+01 5.442000e+00 6.401000e-01 6.994000e-01 2.691000e+02 9.159000e-01 4.801736e+02 0.000000e+00 0.000000e+00
3.077870 9.012000e+00 4.234000e+00 5.836000e-01 6.380000e-01 2.682000e+02 9.019000e-01 4.263607e+02 0.000000e+00 0.000000e+00
3.227770 8.191000e+00 4.861000e+00 5.867000e-01 6.416000e-01 2.672000e+02 8.879000e-01 4.167973e+02 0.000000e+00 0.000000e+00
3.377670 6.705000e+00 4.721000e+00 6.285000e-01 6.874000e-01 2.662000e+02 8.742000e-01 4.335869e+02 0.000000e+00 0.000000e+00
3.527560 8.819000e+00 5.257000e+00 5.345000e-01 5.854000e-01 2.652000e+02 8.607000e-01 3.609082e+02 0.000000e+00 0.000000e+00
3.677460 7.631000e+00 5.407000e+00 5.344000e-01 5.857000e-01 2.642000e+02 8.473000e-01 3.516548e+02 0.000000e+00 0.000000e+00
3.827350 2.778000e+01 1.476000e+01 6.085000e-01 6.667000e-01 2.633000e+02 8.342000e-01 3.882311e+02 0.000000e+00 0.000000e+00
3.977250 -9.990000e+02 -7.738000e+102 6.504000e-01 7.127000e-01 2.623000e+02 8.213000e-01 4.034162e+02 0.000000e+00 0.000000e+00
4.127150 8.269000e+00 7.776000e+00 4.705000e-01 5.173000e-01 2.613000e+02 8.083000e-01 2.895936e+02 0.000000e+00 0.000000e+00
4.277040 2.739000e+00 4.520000e+00 6.187000e-01 6.790000e-01 2.604000e+02 7.955000e-01 3.658972e+02 0.000000e+00 0.000000e+00
4.426940 1.089000e+01 1.042000e+01 2.235000e+01 5.760000e+00 2.594000e+02 7.829000e-01 3.244788e+03 0.000000e+00 0.000000e+00
4.576830 9.833000e+00 9.345000e+00 1.449000e+00 4.703000e-01 2.584000e+02 7.704000e-01 2.199645e+02 0.000000e+00 0.000000e+00
4.726730 -9.990000e+02 -7.738000e+102 1.000000e+00 1.312000e-02 2.574000e+02 7.582000e-01 1.564048e+02 0.000000e+00 0.000000e+00
4.876630 -9.990000e+02 -7.738000e+102 1.940000e+00 6.340000e-01 2.565000e+02 7.462000e-01 2.616176e+02 0.000000e+00 0.000000e+00
5.026520 -9.990000e+02 -7.738000e+102 2.421000e+00 8.073000e-01 2.555000e+02 7.343000e-01 2.905815e+02 0.000000e+00 0.000000e+00
5.176420 1.234000e+01 2.156000e+01 2.622000e+00 9.168000e-01 2.545000e+02 7.224000e-01 2.813732e+02 0.000000e+00 0.000000e+00
5.326320 1.233000e+01 2.155000e+01 2.069000e+00 7.776000e-01 2.535000e+02 7.106000e-01 2.127882e+02 0.000000e+00 0.000000e+00
5.476210 -9.990000e+02 -7.738000e+102 2.437000e+00 9.360000e-01 2.526000e+02 6.990000e-01 2.249331e+02 0.000000e+00 0.000000e+00
5.626110 -9.990000e+02 -7.738000e+102 2.673000e+00 1.067000e+00 2.516000e+02 6.877000e-01 2.215878e+02 0.000000e+00 0.000000e+00
5.776000 -9.990000e+02 -7.738000e+102 1.467000e+00 6.517000e-01 2.506000e+02 6.765000e-01 1.334575e+02 0.000000e+00 0.000000e+00
5.925900 -9.990000e+02 -7.738000e+102 7.734000e-01 3.780000e-01 2.497000e+02 6.655000e-01 8.779626e+01 0.000000e+00 0.000000e+00
6.075800 -9.990000e+02 -7.738000e+102 2.131000e+00 9.361000e-01 2.487000e+02 6.545000e-01 1.661303e+02 0.000000e+00 0.000000e+00
6.225690 -9.990000e+02 -7.738000e+102 2.907000e+00 1.284000e+00 2.477000e+02 6.436000e-01 1.938095e+02 0.000000e+00 0.000000e+00
6.375590 7.726000e+00 1.311000e+01 3.028000e+00 1.398000e+00 2.467000e+02 6.329000e-01 1.829291e+02 0.000000e+00 0.000000e+00
6.525490 1.737000e+01 3.145000e+01 5.178000e+00 2.531000e+00 2.458000e+02 6.223000e-01 2.342176e+02 0.000000e+00 0.000000e+00
6.675380 -9.990000e+02 -7.738000e+102 5.315000e+00 2.894000e+00 2.448000e+02 6.119000e-01 2.005369e+02 0.000000e+00 0.000000e+00
6.825280 -9.990000e+02 -7.738000e+102 4.860000e+00 2.890000e+00 2.438000e+02 6.017000e-01 1.630564e+02 0.000000e+00 0.000000e+00
6.975170 1.734000e+01 3.139000e+01 6.861000e+00 4.548000e+00 2.429000e+02 5.917000e-01 1.702968e+02 0.000000e+00 0.000000e+00
7.125070 -9.990000e+02 -7.738000e+102 5.254000e+00 3.791000e+00 2.419000e+02 5.816000e-01 1.269247e+02 0.000000e+00 0.000000e+00
7.274970 -9.990000e+02 -7.738000e+102 4.221000e+00 3.201000e+00 2.409000e+02 5.716000e-01 1.058571e+02 0.000000e+00 0.000000e+00
7.424860 -9.990000e+02 -7.738000e+102 2.442000e-100 1.963000e-100 2.399000e+02 5.618000e-01 5.513193e+01 0.000000e+00 0.000000e+00
7.574760 -9.990000e+02 -7.738000e+102 5.982000e+00 4.801000e+00 2.389000e+02 5.522000e-01 1.147613e+02 0.000000e+00 0.000000e+00
7.724660 -9.990000e+02 -7.738000e+102 1.000000e+07 1.293000e+40 2.380000e+02 5.427000e-01 2.685354e+02 0.000000e+00 0.000000e+00
7.874550 -9.990000e+02 -7.738000e+102 1.000000e+07 2.587000e+40 2.370000e+02 5.334000e-01 9.301868e+01 0.000000e+00 0.000000e+00
8.024450 -9.990000e+02 -7.738000e+102 1.000000e+07 4.090000e+40 2.361000e+02 5.243000e-01 1.609900e+02 0.000000e+00 0.000000e+00
8.174340 -9.990000e+02 -7.738000e+102 1.000000e+07 5.784000e+40 2.351000e+02 5.150000e-01 1.670605e+02 0.000000e+00 0.000000e+00
8.324240 -9.990000e+02 -7.738000e+102 1.000000e+07 7.652000e+40 2.341000e+02 5.060000e-01 2.425419e+02 0.000000e+00 0.000000e+00
8.474140 -9.990000e+02 -7.738000e+102 1.000000e+07 9.679000e+40 2.331000e+02 4.971000e-01 1.436314e+02 0.000000e+00 0.000000e+00
8.624030 -9.990000e+02 -7.738000e+102 1.000000e+07 1.185000e+41 2.321000e+02 4.883000e-01 3.718923e+01 0.000000e+00 0.000000e+00
8.773930 1.003000e+102 1.099000e+202 1.000000e+07 1.417000e+41 2.312000e+02 4.797000e-01 0.000000e+00 0.000000e+00 0.000000e+00
8.923830 -9.990000e+02 -1.340000e+103 1.000000e+07 1.661000e+41 2.302000e+02 4.713000e-01 2.389203e+02 0.000000e+00 0.000000e+00
9.073720 -9.990000e+02 -7.738000e+102 1.000000e+07 1.918000e+41 2.292000e+02 4.629000e-01 4.116874e+01 0.000000e+00 0.000000e+00
9.223620 -9.990000e+02 -7.738000e+102 1.000000e+07 2.187000e+41 2.283000e+02 4.545000e-01 1.701615e+02 0.000000e+00 0.000000e+00
9.373510 -9.990000e+02 -7.738000e+102 1.000000e+07 2.468000e+41 2.273000e+02 4.463000e-01 8.786822e+01 0.000000e+00 0.000000e+00
9.523410 4.121000e+101 4.514000e+201 1.000000e+07 2.759000e+41 2.263000e+02 4.382000e-01 2.721044e+02 0.000000e+00 0.000000e+00
9.673310 1.030000e+02 3.663000e+02 1.000000e+07 3.061000e+41 2.253000e+02 4.303000e-01 1.403684e+02 0.000000e+00 0.000000e+00
9.823200 -9.990000e+02 -7.738000e+102 1.000000e+07 3.373000e+41 2.244000e+02 4.225000e-01 1.447522e+02 0.000000e+00 0.000000e+00
