2021/07/09 05:45:33-05:59:31 JST
fH2O= 58.55 /mnt/d/data/Na210709/05/Na055831.(00-0d)25ns 24000/40bin dz149.90 8330 shot 1.000mrad wid=0 fnum:14 fnum_noise:0
Altitude(km) W[g/kg] dW[g/kg] R355 dR355 T[K] RO[gm^-3] PZ^2_355 Wsonde[g/kg] dWsonde[g/kg]
0.190370 2.301000e+01 4.228000e-01 1.000000e+07 1.617000e+39 2.869000e+02 1.203000e+00 4.726227e+03 0.000000e+00 0.000000e+00
0.265320 2.161000e+01 5.467000e-01 1.000000e+07 3.234000e+39 2.864000e+02 1.194000e+00 2.685978e+04 0.000000e+00 0.000000e+00
0.340270 -9.990000e+02 -9.990000e+11 1.000000e+07 5.113000e+39 2.859000e+02 1.185000e+00 2.053617e+04 0.000000e+00 0.000000e+00
0.415210 2.106000e+01 4.266000e+01 1.000000e+07 7.230000e+39 2.854000e+02 1.177000e+00 8.308270e+02 0.000000e+00 0.000000e+00
0.490160 -9.990000e+02 -9.990000e+11 1.000000e+07 9.565000e+39 2.849000e+02 1.168000e+00 1.365850e+02 0.000000e+00 0.000000e+00
0.565110 -9.990000e+02 -9.990000e+11 1.000000e+07 1.210000e+40 2.845000e+02 1.160000e+00 7.219424e+01 0.000000e+00 0.000000e+00
0.640060 -9.990000e+02 -2.936000e+104 1.000000e+07 1.482000e+40 2.840000e+02 1.151000e+00 5.408511e+01 0.000000e+00 0.000000e+00
0.715010 -9.990000e+02 -2.650000e+104 1.000000e+07 1.771000e+40 2.835000e+02 1.143000e+00 4.908341e+01 0.000000e+00 0.000000e+00
0.789960 -9.990000e+02 -9.990000e+11 1.000000e+07 2.077000e+40 2.830000e+02 1.135000e+00 3.057830e+01 0.000000e+00 0.000000e+00
0.864900 -9.990000e+02 -2.650000e+104 1.000000e+07 2.398000e+40 2.825000e+02 1.126000e+00 2.169324e+01 0.000000e+00 0.000000e+00
0.939850 -9.990000e+02 -9.990000e+11 1.000000e+07 2.734000e+40 2.820000e+02 1.118000e+00 1.148273e+01 0.000000e+00 0.000000e+00
1.014800 -9.990000e+02 -2.650000e+104 1.000000e+07 3.085000e+40 2.815000e+02 1.110000e+00 9.268022e+00 0.000000e+00 0.000000e+00
1.127220 3.867000e+01 1.431000e+02 1.000000e+07 1.185000e+41 2.808000e+02 1.098000e+00 6.988632e+00 0.000000e+00 0.000000e+00
1.277120 -9.990000e+02 -4.151000e+104 1.000000e+07 1.417000e+41 2.798000e+02 1.082000e+00 6.524346e+00 0.000000e+00 0.000000e+00
1.427010 -9.990000e+02 -9.990000e+11 1.000000e+07 1.661000e+41 2.788000e+02 1.066000e+00 1.018217e+01 0.000000e+00 0.000000e+00
1.576910 9.984000e+00 5.374000e+02 1.000000e+07 1.918000e+41 2.779000e+02 1.050000e+00 6.216842e+00 0.000000e+00 0.000000e+00
1.726810 7.774000e+00 1.084000e+02 1.000000e+07 2.187000e+41 2.769000e+02 1.034000e+00 5.963978e+00 0.000000e+00 0.000000e+00
1.876700 -9.990000e+02 -9.990000e+11 1.000000e+07 2.468000e+41 2.759000e+02 1.019000e+00 5.283219e+00 0.000000e+00 0.000000e+00
2.026600 -9.990000e+02 -9.990000e+11 1.000000e+07 2.759000e+41 2.750000e+02 1.004000e+00 8.214573e+00 0.000000e+00 0.000000e+00
2.176500 -9.990000e+02 -9.990000e+11 1.000000e+07 3.061000e+41 2.740000e+02 9.887000e-01 2.368678e+00 0.000000e+00 0.000000e+00
2.326390 -9.990000e+02 -4.151000e+104 1.000000e+07 3.373000e+41 2.730000e+02 9.737000e-01 2.164945e+01 0.000000e+00 0.000000e+00
2.476290 -9.990000e+02 -4.151000e+104 1.000000e+07 3.695000e+41 2.720000e+02 9.590000e-01 6.132297e+00 0.000000e+00 0.000000e+00
2.626180 -9.990000e+02 -4.151000e+104 1.000000e+07 4.026000e+41 2.711000e+02 9.445000e-01 1.034574e+01 0.000000e+00 0.000000e+00
2.776080 -9.990000e+02 -9.990000e+11 1.000000e+07 4.367000e+41 2.701000e+02 9.302000e-01 1.541402e+01 0.000000e+00 0.000000e+00
2.925980 -9.990000e+02 -4.151000e+104 1.000000e+07 4.717000e+41 2.691000e+02 9.161000e-01 0.000000e+00 0.000000e+00 0.000000e+00
3.075870 1.674000e+01 1.352000e+02 1.000000e+07 5.076000e+41 2.682000e+02 9.021000e-01 1.892295e+01 0.000000e+00 0.000000e+00
3.225770 -9.990000e+02 -3.750000e+104 1.000000e+07 5.443000e+41 2.672000e+02 8.881000e-01 5.203061e+00 0.000000e+00 0.000000e+00
3.375670 -9.990000e+02 -3.750000e+104 1.000000e+07 5.819000e+41 2.662000e+02 8.744000e-01 5.697869e+00 0.000000e+00 0.000000e+00
3.525560 -9.990000e+02 -3.750000e+104 1.000000e+07 6.203000e+41 2.652000e+02 8.608000e-01 3.729083e+01 0.000000e+00 0.000000e+00
3.675460 5.752000e+02 5.127000e+03 1.000000e+07 6.595000e+41 2.643000e+02 8.475000e-01 6.754861e+00 0.000000e+00 0.000000e+00
3.825350 -9.990000e+02 -3.750000e+104 1.000000e+07 6.995000e+41 2.633000e+02 8.344000e-01 7.317043e+00 0.000000e+00 0.000000e+00
3.975250 9.265000e+02 5.488000e+03 1.000000e+07 7.403000e+41 2.623000e+02 8.215000e-01 7.901734e+00 0.000000e+00 0.000000e+00
4.125150 9.107000e+01 4.453000e+02 1.000000e+07 7.819000e+41 2.613000e+02 8.085000e-01 2.552673e+01 0.000000e+00 0.000000e+00
4.275040 3.469000e+01 9.290000e+01 1.000000e+07 8.241000e+41 2.604000e+02 7.957000e-01 2.741551e+01 0.000000e+00 0.000000e+00
4.424940 -9.990000e+02 -3.750000e+104 1.000000e+07 8.672000e+41 2.594000e+02 7.830000e-01 3.916246e+01 0.000000e+00 0.000000e+00
4.574830 -9.990000e+02 -4.151000e+104 1.000000e+07 9.109000e+41 2.584000e+02 7.706000e-01 2.093025e+01 0.000000e+00 0.000000e+00
4.724730 -9.990000e+02 -3.750000e+104 1.000000e+07 9.554000e+41 2.574000e+02 7.584000e-01 0.000000e+00 0.000000e+00 0.000000e+00
4.874630 -9.990000e+02 -3.750000e+104 1.000000e+07 1.001000e+42 2.565000e+02 7.463000e-01 2.376338e+01 0.000000e+00 0.000000e+00
5.024520 -9.990000e+02 -4.151000e+104 1.000000e+07 1.046000e+42 2.555000e+02 7.345000e-01 3.787092e+01 0.000000e+00 0.000000e+00
5.174420 3.251000e+04 1.163000e+07 1.000000e+07 1.093000e+42 2.545000e+02 7.225000e-01 4.016430e+01 0.000000e+00 0.000000e+00
5.324320 1.978000e+02 8.204000e+02 1.000000e+07 1.140000e+42 2.536000e+02 7.108000e-01 2.835003e+01 0.000000e+00 0.000000e+00
5.474210 2.534000e+02 9.957000e+02 1.000000e+07 1.188000e+42 2.526000e+02 6.992000e-01 2.996872e+01 0.000000e+00 0.000000e+00
5.624110 1.059000e+02 1.444000e+02 1.000000e+07 1.236000e+42 2.516000e+02 6.878000e-01 0.000000e+00 0.000000e+00 0.000000e+00
5.774000 1.552000e+02 3.510000e+02 1.000000e+07 1.286000e+42 2.506000e+02 6.766000e-01 0.000000e+00 0.000000e+00 0.000000e+00
5.923900 -9.990000e+02 -3.750000e+104 1.000000e+07 1.335000e+42 2.497000e+02 6.656000e-01 1.754732e+01 0.000000e+00 0.000000e+00
6.073800 -9.990000e+02 -4.151000e+104 1.000000e+07 1.386000e+42 2.487000e+02 6.547000e-01 1.844661e+01 0.000000e+00 0.000000e+00
6.223690 -9.990000e+02 -4.151000e+104 1.000000e+07 1.437000e+42 2.477000e+02 6.437000e-01 3.873662e+01 0.000000e+00 0.000000e+00
6.373590 2.412000e+02 9.556000e+02 1.000000e+07 1.489000e+42 2.467000e+02 6.330000e-01 4.062508e+01 0.000000e+00 0.000000e+00
6.523490 -9.990000e+02 -3.750000e+104 1.000000e+07 1.541000e+42 2.458000e+02 6.224000e-01 2.127923e+01 0.000000e+00 0.000000e+00
6.673380 -9.990000e+02 -3.750000e+104 1.000000e+07 1.594000e+42 2.448000e+02 6.121000e-01 6.680510e+01 0.000000e+00 0.000000e+00
6.823280 2.324000e+02 4.695000e+02 1.000000e+07 1.647000e+42 2.438000e+02 6.018000e-01 0.000000e+00 0.000000e+00 0.000000e+00
6.973170 -9.990000e+02 -4.151000e+104 1.000000e+07 1.701000e+42 2.429000e+02 5.918000e-01 2.431401e+01 0.000000e+00 0.000000e+00
7.123070 5.199000e+00 7.239000e+01 1.000000e+07 1.756000e+42 2.419000e+02 5.817000e-01 2.537059e+01 0.000000e+00 0.000000e+00
7.272970 2.511000e+02 1.629000e+03 1.000000e+07 1.811000e+42 2.409000e+02 5.717000e-01 2.644964e+01 0.000000e+00 0.000000e+00
7.422860 -9.990000e+02 -3.750000e+104 1.000000e+07 1.867000e+42 2.399000e+02 5.620000e-01 0.000000e+00 0.000000e+00 0.000000e+00
7.572760 2.887000e+103 5.148000e+204 1.000000e+07 1.923000e+42 2.390000e+02 5.523000e-01 0.000000e+00 0.000000e+00 0.000000e+00
7.722660 -9.990000e+02 -3.750000e+104 1.000000e+07 1.980000e+42 2.380000e+02 5.429000e-01 2.982155e+01 0.000000e+00 0.000000e+00
7.872550 1.047000e+01 2.323000e+02 1.000000e+07 2.037000e+42 2.370000e+02 5.336000e-01 6.198085e+01 0.000000e+00 0.000000e+00
8.022450 -9.990000e+02 -3.750000e+104 1.000000e+07 2.095000e+42 2.361000e+02 5.244000e-01 6.436366e+01 0.000000e+00 0.000000e+00
8.172340 -9.990000e+02 -3.750000e+104 1.000000e+07 2.153000e+42 2.351000e+02 5.152000e-01 0.000000e+00 0.000000e+00 0.000000e+00
8.322240 1.696000e+02 3.101000e+02 1.000000e+07 2.212000e+42 2.341000e+02 5.061000e-01 6.926395e+01 0.000000e+00 0.000000e+00
8.472140 7.426000e+02 4.416000e+03 1.000000e+07 2.272000e+42 2.331000e+02 4.972000e-01 7.178159e+01 0.000000e+00 0.000000e+00
8.622030 -9.990000e+02 -3.750000e+104 1.000000e+07 2.332000e+42 2.322000e+02 4.884000e-01 3.717198e+01 0.000000e+00 0.000000e+00
8.771930 6.007000e+01 2.927000e+02 1.000000e+07 2.393000e+42 2.312000e+02 4.798000e-01 3.847575e+01 0.000000e+00 0.000000e+00
8.921830 -9.990000e+02 -4.151000e+104 1.000000e+07 2.454000e+42 2.302000e+02 4.714000e-01 7.960400e+01 0.000000e+00 0.000000e+00
9.071720 1.427000e+103 2.545000e+204 1.000000e+07 2.515000e+42 2.293000e+02 4.630000e-01 4.115059e+01 0.000000e+00 0.000000e+00
9.221620 2.358000e+02 4.740000e+02 1.000000e+07 2.577000e+42 2.283000e+02 4.546000e-01 8.504358e+01 0.000000e+00 0.000000e+00
9.371510 4.517000e+01 1.246000e+02 1.000000e+07 2.640000e+42 2.273000e+02 4.464000e-01 8.783068e+01 0.000000e+00 0.000000e+00
9.521410 -9.990000e+02 -4.151000e+104 1.000000e+07 2.703000e+42 2.263000e+02 4.383000e-01 4.533144e+01 0.000000e+00 0.000000e+00
9.671310 -9.990000e+02 -4.151000e+104 1.000000e+07 2.767000e+42 2.254000e+02 4.304000e-01 9.354010e+01 0.000000e+00 0.000000e+00
9.821200 1.202000e+103 2.144000e+204 1.000000e+07 2.831000e+42 2.244000e+02 4.226000e-01 4.823099e+01 0.000000e+00 0.000000e+00
