2021/07/10 01:30:00-01:43:52 JST
fH2O= 62.19 /media/data/L0/Ko210710/01/Ko014300.(00-0d)25ns 24000/40bin dz149.90 7320 shot 0.300mrad wid=0 fnum:14 fnum_noise:0
Altitude(km) W[g/kg] dW[g/kg] R355 dR355 T[K] RO[gm^-3] PZ^2_355 Wsonde[g/kg] dWsonde[g/kg]
0.192370 1.961000e+01 5.592000e-01 -9.990000e+02 -1.413000e+03 2.869000e+02 1.202000e+00 2.488189e+03 0.000000e+00 0.000000e+00
0.267320 2.008000e+01 5.991000e-01 -9.990000e+02 -1.413000e+03 2.864000e+02 1.194000e+00 2.363122e+04 0.000000e+00 0.000000e+00
0.342270 1.897000e+01 1.067000e+00 -9.990000e+02 -1.413000e+03 2.859000e+02 1.185000e+00 1.337245e+04 0.000000e+00 0.000000e+00
0.417210 1.907000e+01 1.880000e+00 -9.990000e+02 -1.413000e+03 2.854000e+02 1.176000e+00 4.804002e+03 0.000000e+00 0.000000e+00
0.492160 2.074000e+01 3.549000e+00 -9.990000e+02 -1.413000e+03 2.849000e+02 1.168000e+00 1.996636e+03 0.000000e+00 0.000000e+00
0.567110 1.194000e+01 4.449000e+00 -9.990000e+02 -1.413000e+03 2.844000e+02 1.159000e+00 5.633111e+02 0.000000e+00 0.000000e+00
0.642060 3.023000e+00 2.446000e+00 -9.990000e+02 -1.413000e+03 2.840000e+02 1.151000e+00 4.317417e+02 0.000000e+00 0.000000e+00
0.717010 1.438000e+01 7.437000e+00 -9.990000e+02 -1.414000e+03 2.835000e+02 1.143000e+00 2.918363e+02 0.000000e+00 0.000000e+00
0.791960 1.370000e+01 9.366000e+00 -9.990000e+02 -1.414000e+03 2.830000e+02 1.134000e+00 1.794794e+02 0.000000e+00 0.000000e+00
0.866900 -9.990000e+02 -9.990000e+11 -9.990000e+02 -1.416000e+03 2.825000e+02 1.126000e+00 9.395930e+01 0.000000e+00 0.000000e+00
0.941850 -9.990000e+02 -9.990000e+11 -9.990000e+02 -1.413000e+03 2.820000e+02 1.118000e+00 6.717050e+02 0.000000e+00 0.000000e+00
1.016800 -9.990000e+02 -5.472000e+102 -9.990000e+02 -1.416000e+03 2.815000e+02 1.110000e+00 1.302981e+02 0.000000e+00 0.000000e+00
1.129220 -9.990000e+02 -8.358000e+102 -9.990000e+02 -9.681000e+02 2.808000e+02 1.098000e+00 2.104093e+01 0.000000e+00 0.000000e+00
1.279120 -9.990000e+02 -6.318000e+102 -9.990000e+02 -1.347000e+03 2.798000e+02 1.081000e+00 0.000000e+00 0.000000e+00 0.000000e+00
1.429010 -9.990000e+02 -9.990000e+11 -9.990000e+02 -1.140000e+03 2.788000e+02 1.065000e+00 2.042133e+00 0.000000e+00 0.000000e+00
1.578910 -9.990000e+02 -9.990000e+11 -9.990000e+02 -1.246000e+03 2.779000e+02 1.050000e+00 1.246520e+00 0.000000e+00 0.000000e+00
1.728810 -9.990000e+02 -8.358000e+102 -9.990000e+02 -1.347000e+03 2.769000e+02 1.034000e+00 0.000000e+00 0.000000e+00 0.000000e+00
1.878700 -9.990000e+02 -9.990000e+11 -9.990000e+02 -1.347000e+03 2.759000e+02 1.019000e+00 0.000000e+00 0.000000e+00 0.000000e+00
2.028600 -9.990000e+02 -8.358000e+102 -9.990000e+02 -1.090000e+03 2.750000e+02 1.004000e+00 6.173095e+00 0.000000e+00 0.000000e+00
2.178500 -9.990000e+02 -8.358000e+102 -9.990000e+02 -1.347000e+03 2.740000e+02 9.885000e-01 0.000000e+00 0.000000e+00 0.000000e+00
2.328390 -9.990000e+02 -8.358000e+102 -9.990000e+02 -1.140000e+03 2.730000e+02 9.735000e-01 5.421647e+00 0.000000e+00 0.000000e+00
2.478290 -9.990000e+02 -9.990000e+11 -9.990000e+02 -1.246000e+03 2.720000e+02 9.588000e-01 3.071102e+00 0.000000e+00 0.000000e+00
2.628180 -9.990000e+02 -8.358000e+102 -9.990000e+02 -1.090000e+03 2.711000e+02 9.443000e-01 1.036151e+01 0.000000e+00 0.000000e+00
2.778080 -9.990000e+02 -8.358000e+102 -9.990000e+02 -1.246000e+03 2.701000e+02 9.300000e-01 3.859051e+00 0.000000e+00 0.000000e+00
2.927980 -9.990000e+02 -8.358000e+102 -9.990000e+02 -1.347000e+03 2.691000e+02 9.159000e-01 0.000000e+00 0.000000e+00 0.000000e+00
3.077870 -9.990000e+02 -8.358000e+102 -9.990000e+02 -1.347000e+03 2.682000e+02 9.019000e-01 0.000000e+00 0.000000e+00 0.000000e+00
3.227770 -9.990000e+02 -8.358000e+102 -9.990000e+02 -1.090000e+03 2.672000e+02 8.879000e-01 1.562858e+01 0.000000e+00 0.000000e+00
3.377670 -9.990000e+02 -8.358000e+102 -9.990000e+02 -1.246000e+03 2.662000e+02 8.742000e-01 5.704622e+00 0.000000e+00 0.000000e+00
3.527560 -9.990000e+02 -6.318000e+102 -9.990000e+02 -1.246000e+03 2.652000e+02 8.607000e-01 6.222166e+00 0.000000e+00 0.000000e+00
3.677460 -9.990000e+02 -8.358000e+102 -9.990000e+02 -1.246000e+03 2.642000e+02 8.473000e-01 6.762215e+00 0.000000e+00 0.000000e+00
3.827350 -9.990000e+02 -8.358000e+102 -9.990000e+02 -1.347000e+03 2.633000e+02 8.342000e-01 0.000000e+00 0.000000e+00 0.000000e+00
3.977250 -9.990000e+02 -8.358000e+102 -9.990000e+02 -1.140000e+03 2.623000e+02 8.213000e-01 1.581939e+01 0.000000e+00 0.000000e+00
4.127150 -9.990000e+02 -8.358000e+102 -9.990000e+02 -1.311000e+01 2.613000e+02 8.083000e-01 0.000000e+00 0.000000e+00 0.000000e+00
4.277040 -9.990000e+02 -8.358000e+102 -9.990000e+02 -1.246000e+03 2.604000e+02 7.955000e-01 9.147039e+00 0.000000e+00 0.000000e+00
4.426940 4.817000e+101 2.638000e+201 -9.990000e+02 -1.090000e+03 2.594000e+02 7.829000e-01 2.939840e+01 0.000000e+00 0.000000e+00
4.576830 -9.990000e+02 -8.358000e+102 -9.990000e+02 -1.246000e+03 2.584000e+02 7.704000e-01 1.047427e+01 0.000000e+00 0.000000e+00
4.726730 -9.990000e+02 -6.318000e+102 -9.990000e+02 -1.246000e+03 2.574000e+02 7.582000e-01 1.117162e+01 0.000000e+00 0.000000e+00
4.876630 -9.990000e+02 -6.318000e+102 -9.990000e+02 -1.140000e+03 2.565000e+02 7.462000e-01 2.378289e+01 0.000000e+00 0.000000e+00
5.026520 -9.990000e+02 -8.358000e+102 -9.990000e+02 -1.246000e+03 2.555000e+02 7.343000e-01 1.263367e+01 0.000000e+00 0.000000e+00
5.176420 -9.990000e+02 -8.358000e+102 -9.990000e+02 -1.246000e+03 2.545000e+02 7.224000e-01 1.339843e+01 0.000000e+00 0.000000e+00
5.326320 4.793000e+101 2.625000e+201 -9.990000e+02 -1.347000e+03 2.535000e+02 7.106000e-01 0.000000e+00 0.000000e+00 0.000000e+00
5.476210 -9.990000e+02 -6.318000e+102 -9.990000e+02 -1.140000e+03 2.526000e+02 6.990000e-01 2.999064e+01 0.000000e+00 0.000000e+00
5.626110 -9.990000e+02 -8.358000e+102 -9.990000e+02 -1.347000e+03 2.516000e+02 6.877000e-01 0.000000e+00 0.000000e+00 0.000000e+00
5.776000 -9.990000e+02 -8.358000e+102 -9.990000e+02 -1.347000e+03 2.506000e+02 6.765000e-01 0.000000e+00 0.000000e+00 0.000000e+00
5.925900 -9.990000e+02 -8.358000e+102 -9.990000e+02 -1.140000e+03 2.497000e+02 6.655000e-01 3.511838e+01 0.000000e+00 0.000000e+00
6.075800 -9.990000e+02 -8.358000e+102 -9.990000e+02 -1.347000e+03 2.487000e+02 6.545000e-01 0.000000e+00 0.000000e+00 0.000000e+00
6.225690 -9.990000e+02 -8.358000e+102 -9.990000e+02 -1.347000e+03 2.477000e+02 6.436000e-01 0.000000e+00 0.000000e+00 0.000000e+00
6.375590 -9.990000e+02 -8.358000e+102 -9.990000e+02 -1.347000e+03 2.467000e+02 6.329000e-01 0.000000e+00 0.000000e+00 0.000000e+00
6.525490 -9.990000e+02 -8.358000e+102 -9.990000e+02 -1.246000e+03 2.458000e+02 6.223000e-01 2.129228e+01 0.000000e+00 0.000000e+00
6.675380 -9.990000e+02 -8.358000e+102 -9.990000e+02 -1.347000e+03 2.448000e+02 6.119000e-01 0.000000e+00 0.000000e+00 0.000000e+00
6.825280 -9.990000e+02 -8.358000e+102 -9.990000e+02 -1.347000e+03 2.438000e+02 6.017000e-01 0.000000e+00 0.000000e+00 0.000000e+00
6.975170 -9.990000e+02 -8.358000e+102 -9.990000e+02 -1.246000e+03 2.429000e+02 5.917000e-01 2.432796e+01 0.000000e+00 0.000000e+00
7.125070 -9.990000e+02 -8.358000e+102 -9.990000e+02 -1.347000e+03 2.419000e+02 5.816000e-01 0.000000e+00 0.000000e+00 0.000000e+00
7.274970 -9.990000e+02 -8.358000e+102 -9.990000e+02 -1.347000e+03 2.409000e+02 5.716000e-01 0.000000e+00 0.000000e+00 0.000000e+00
7.424860 -9.990000e+02 -8.358000e+102 -9.990000e+02 -1.347000e+03 2.399000e+02 5.618000e-01 0.000000e+00 0.000000e+00 0.000000e+00
7.574760 -9.990000e+02 -6.318000e+102 -9.990000e+02 -1.347000e+03 2.389000e+02 5.522000e-01 0.000000e+00 0.000000e+00 0.000000e+00
7.724660 -9.990000e+02 -8.358000e+102 -9.990000e+02 -1.140000e+03 2.380000e+02 5.427000e-01 5.967406e+01 0.000000e+00 0.000000e+00
7.874550 4.737000e+101 2.595000e+201 -9.990000e+02 -1.347000e+03 2.370000e+02 5.334000e-01 0.000000e+00 0.000000e+00 0.000000e+00
8.024450 -9.990000e+02 -8.358000e+102 -9.990000e+02 -1.347000e+03 2.361000e+02 5.243000e-01 0.000000e+00 0.000000e+00 0.000000e+00
8.174340 -9.990000e+02 -8.358000e+102 -9.990000e+02 -1.246000e+03 2.351000e+02 5.150000e-01 3.341196e+01 0.000000e+00 0.000000e+00
8.324240 1.064000e+102 5.828000e+201 -9.990000e+02 -1.246000e+03 2.341000e+02 5.060000e-01 3.464861e+01 0.000000e+00 0.000000e+00
8.474140 -9.990000e+02 -8.358000e+102 -9.990000e+02 -1.347000e+03 2.331000e+02 4.971000e-01 0.000000e+00 0.000000e+00 0.000000e+00
8.624030 -9.990000e+02 -8.358000e+102 -9.990000e+02 -1.090000e+03 2.321000e+02 4.883000e-01 1.115680e+02 0.000000e+00 0.000000e+00
8.773930 4.722000e+101 2.586000e+201 -9.990000e+02 -1.347000e+03 2.312000e+02 4.797000e-01 0.000000e+00 0.000000e+00 0.000000e+00
8.923830 -9.990000e+02 -8.358000e+102 -9.990000e+02 -1.347000e+03 2.302000e+02 4.713000e-01 0.000000e+00 0.000000e+00 0.000000e+00
9.073720 -9.990000e+02 -8.358000e+102 -9.990000e+02 -1.347000e+03 2.292000e+02 4.629000e-01 0.000000e+00 0.000000e+00 0.000000e+00
9.223620 -9.990000e+02 -6.318000e+102 -9.990000e+02 -1.347000e+03 2.283000e+02 4.545000e-01 0.000000e+00 0.000000e+00 0.000000e+00
9.373510 4.712000e+101 2.581000e+201 -9.990000e+02 -1.347000e+03 2.273000e+02 4.463000e-01 0.000000e+00 0.000000e+00 0.000000e+00
9.523410 -9.990000e+02 -8.358000e+102 -9.990000e+02 -1.347000e+03 2.263000e+02 4.382000e-01 0.000000e+00 0.000000e+00 0.000000e+00
9.673310 4.707000e+101 2.578000e+201 -9.990000e+02 -1.347000e+03 2.253000e+02 4.303000e-01 0.000000e+00 0.000000e+00 0.000000e+00
9.823200 -9.990000e+02 -8.358000e+102 -9.990000e+02 -1.246000e+03 2.244000e+02 4.225000e-01 4.825063e+01 0.000000e+00 0.000000e+00
