2021/07/09 18:30:00-18:43:52 JST
fH2O= 62.19 /media/data/L0/Ko210709/18/Ko184300.(00-0d)25ns 24000/40bin dz149.90 7316 shot 0.300mrad wid=0 fnum:14 fnum_noise:0
Altitude(km) W[g/kg] dW[g/kg] R355 dR355 T[K] RO[gm^-3] PZ^2_355 Wsonde[g/kg] dWsonde[g/kg]
0.192370 1.626000e+01 4.014000e-01 5.040000e-02 3.455000e-02 2.869000e+02 1.202000e+00 1.575563e+03 0.000000e+00 0.000000e+00
0.267320 1.703000e+01 3.115000e-01 1.453000e-01 9.951000e-02 2.864000e+02 1.194000e+00 4.397312e+03 0.000000e+00 0.000000e+00
0.342270 1.637000e+01 2.780000e-01 2.839000e-01 1.943000e-01 2.859000e+02 1.185000e+00 8.374276e+03 0.000000e+00 0.000000e+00
0.417210 1.707000e+01 2.702000e-01 4.478000e-01 3.064000e-01 2.854000e+02 1.176000e+00 1.291122e+04 0.000000e+00 0.000000e+00
0.492160 1.709000e+01 2.758000e-01 6.527000e-01 4.465000e-01 2.849000e+02 1.168000e+00 1.842845e+04 0.000000e+00 0.000000e+00
0.567110 1.729000e+01 3.004000e-01 8.608000e-01 5.888000e-01 2.844000e+02 1.159000e+00 2.382267e+04 0.000000e+00 0.000000e+00
0.642060 1.743000e+01 3.309000e-01 9.477000e-01 6.482000e-01 2.840000e+02 1.151000e+00 2.572649e+04 0.000000e+00 0.000000e+00
0.717010 1.696000e+01 3.644000e-01 9.870000e-01 6.751000e-01 2.835000e+02 1.143000e+00 2.629770e+04 0.000000e+00 0.000000e+00
0.791960 1.614000e+01 3.952000e-01 1.038000e+00 7.091000e-01 2.830000e+02 1.134000e+00 2.710083e+04 0.000000e+00 0.000000e+00
0.866900 1.624000e+01 4.455000e-01 1.038000e+00 7.086000e-01 2.825000e+02 1.126000e+00 2.657907e+04 0.000000e+00 0.000000e+00
0.941850 1.672000e+01 5.105000e-01 1.050000e+00 7.158000e-01 2.820000e+02 1.118000e+00 2.634728e+04 0.000000e+00 0.000000e+00
1.016800 1.524000e+01 5.454000e-01 1.080000e+00 7.357000e-01 2.815000e+02 1.110000e+00 2.654239e+04 0.000000e+00 0.000000e+00
1.129220 1.540000e+01 4.654000e-01 5.569000e-01 1.364000e+00 2.808000e+02 1.098000e+00 2.483598e+04 0.000000e+00 0.000000e+00
1.279120 1.539000e+01 6.006000e-01 5.004000e-01 1.225000e+00 2.798000e+02 1.081000e+00 2.160438e+04 0.000000e+00 0.000000e+00
1.429010 1.450000e+01 7.348000e-01 4.613000e-01 1.129000e+00 2.788000e+02 1.065000e+00 1.930098e+04 0.000000e+00 0.000000e+00
1.578910 1.265000e+01 8.438000e-01 4.183000e-01 1.024000e+00 2.779000e+02 1.050000e+00 1.698641e+04 0.000000e+00 0.000000e+00
1.728810 1.190000e+01 1.019000e+00 3.881000e-01 9.501000e-01 2.769000e+02 1.034000e+00 1.531135e+04 0.000000e+00 0.000000e+00
1.878700 1.445000e+01 1.327000e+00 3.831000e-01 9.376000e-01 2.759000e+02 1.019000e+00 1.468336e+04 0.000000e+00 0.000000e+00
2.028600 1.395000e+01 1.622000e+00 3.986000e-01 9.756000e-01 2.750000e+02 1.004000e+00 1.483888e+04 0.000000e+00 0.000000e+00
2.178500 1.274000e+01 1.862000e+00 1.423000e+00 3.464000e+00 2.740000e+02 9.885000e-01 4.875000e+04 0.000000e+00 0.000000e+00
2.328390 1.397000e+01 3.220000e+00 2.975000e+01 2.187000e+01 2.730000e+02 9.735000e-01 1.064859e+05 0.000000e+00 0.000000e+00
2.478290 7.879000e+00 4.587000e+00 2.769000e+00 1.976000e+00 2.720000e+02 9.588000e-01 8.894341e+03 0.000000e+00 0.000000e+00
2.628180 2.144000e+01 6.305000e+00 2.033000e+00 1.431000e+00 2.711000e+02 9.443000e-01 6.107788e+03 0.000000e+00 0.000000e+00
2.778080 6.776000e+00 7.197000e+00 1.968000e+00 1.369000e+00 2.701000e+02 9.300000e-01 5.484496e+03 0.000000e+00 0.000000e+00
2.927980 1.778000e+01 8.202000e+00 2.384000e+00 1.625000e+00 2.691000e+02 9.159000e-01 5.855846e+03 0.000000e+00 0.000000e+00
3.077870 1.398000e+01 9.193000e+00 6.859000e+00 3.739000e+00 2.682000e+02 9.019000e-01 1.018448e+04 0.000000e+00 0.000000e+00
3.227770 4.171000e+00 1.078000e+01 4.344000e+00 2.147000e+00 2.672000e+02 8.879000e-01 5.455388e+03 0.000000e+00 0.000000e+00
3.377670 1.140000e+01 1.303000e+01 2.817000e+00 1.343000e+00 2.662000e+02 8.742000e-01 3.522125e+03 0.000000e+00 0.000000e+00
3.527560 7.180000e+00 1.287000e+01 2.612000e+00 1.208000e+00 2.652000e+02 8.607000e-01 3.125240e+03 0.000000e+00 0.000000e+00
3.677460 1.049000e+01 1.634000e+01 3.314000e+00 1.449000e+00 2.642000e+02 8.473000e-01 3.328797e+03 0.000000e+00 0.000000e+00
3.827350 2.529000e+01 1.842000e+01 3.418000e+00 1.403000e+00 2.633000e+02 8.342000e-01 3.114440e+03 0.000000e+00 0.000000e+00
3.977250 1.511000e+01 1.919000e+01 3.887000e+00 1.453000e+00 2.623000e+02 8.213000e-01 3.062341e+03 0.000000e+00 0.000000e+00
4.127150 1.162000e+01 2.089000e+01 4.356000e+00 1.415000e+00 2.613000e+02 8.083000e-01 2.965093e+03 0.000000e+00 0.000000e+00
4.277040 5.010000e+01 2.964000e+01 3.543000e+00 1.045000e+00 2.604000e+02 7.955000e-01 2.598563e+03 0.000000e+00 0.000000e+00
4.426940 -9.990000e+02 -4.609000e+104 3.287000e+00 8.865000e-01 2.594000e+02 7.829000e-01 2.499552e+03 0.000000e+00 0.000000e+00
4.576830 3.300000e+01 2.517000e+01 5.224000e+00 9.330000e-01 2.584000e+02 7.704000e-01 2.766003e+03 0.000000e+00 0.000000e+00
4.726730 -9.990000e+02 -4.609000e+104 4.587000e+00 3.387000e-01 2.574000e+02 7.582000e-01 2.603648e+03 0.000000e+00 0.000000e+00
4.876630 -9.990000e+02 -4.609000e+104 1.000000e+00 1.312000e-02 2.565000e+02 7.462000e-01 2.236047e+03 0.000000e+00 0.000000e+00
5.026520 7.641000e+01 6.890000e+01 4.445000e+00 7.732000e-01 2.555000e+02 7.343000e-01 2.704236e+03 0.000000e+00 0.000000e+00
5.176420 3.161000e+01 3.730000e+01 1.955000e+00 3.524000e-01 2.545000e+02 7.224000e-01 2.559632e+03 0.000000e+00 0.000000e+00
5.326320 -9.990000e+02 -4.609000e+104 1.501000e-101 2.785000e-102 2.535000e+02 7.106000e-01 2.412008e+03 0.000000e+00 0.000000e+00
5.476210 -9.990000e+02 -4.609000e+104 1.633000e-101 3.104000e-102 2.526000e+02 6.990000e-01 2.414666e+03 0.000000e+00 0.000000e+00
5.626110 -9.990000e+02 -4.609000e+104 1.773000e-101 3.448000e-102 2.516000e+02 6.877000e-01 2.057863e+03 0.000000e+00 0.000000e+00
5.776000 2.898000e+01 4.795000e+01 1.922000e-101 3.817000e-102 2.506000e+02 6.765000e-01 2.385906e+03 0.000000e+00 0.000000e+00
5.925900 4.231000e+01 6.758000e+01 2.080000e-101 4.213000e-102 2.497000e+02 6.655000e-01 1.984431e+03 0.000000e+00 0.000000e+00
6.075800 9.659000e+00 6.478000e+01 2.249000e-101 4.637000e-102 2.487000e+02 6.545000e-01 2.381513e+03 0.000000e+00 0.000000e+00
6.225690 -9.990000e+02 -4.609000e+104 2.428000e-101 5.093000e-102 2.477000e+02 6.436000e-01 1.860746e+03 0.000000e+00 0.000000e+00
6.375590 -9.990000e+02 -4.609000e+104 2.618000e-101 5.579000e-102 2.467000e+02 6.329000e-01 1.890441e+03 0.000000e+00 0.000000e+00
6.525490 -9.990000e+02 -4.609000e+104 2.819000e-101 6.098000e-102 2.458000e+02 6.223000e-01 1.831306e+03 0.000000e+00 0.000000e+00
6.675380 -9.990000e+02 -4.609000e+104 3.032000e-101 6.651000e-102 2.448000e+02 6.119000e-01 1.894117e+03 0.000000e+00 0.000000e+00
6.825280 4.835000e+01 6.425000e+01 3.258000e-101 7.240000e-102 2.438000e+02 6.017000e-01 1.956842e+03 0.000000e+00 0.000000e+00
6.975170 -9.990000e+02 -4.609000e+104 3.495000e-101 7.866000e-102 2.429000e+02 5.917000e-01 1.532765e+03 0.000000e+00 0.000000e+00
7.125070 -9.990000e+02 -4.609000e+104 3.748000e-101 8.533000e-102 2.419000e+02 5.816000e-01 3.097361e+03 0.000000e+00 0.000000e+00
7.274970 3.624000e+01 5.704000e+01 1.000000e+07 1.293000e+40 2.409000e+02 5.716000e-01 1.006056e+04 0.000000e+00 0.000000e+00
7.424860 -9.990000e+02 -4.609000e+104 1.000000e+07 2.587000e+40 2.399000e+02 5.618000e-01 5.403451e+04 0.000000e+00 0.000000e+00
7.574760 -9.990000e+02 -4.609000e+104 1.000000e+07 4.090000e+40 2.389000e+02 5.522000e-01 2.417999e+05 0.000000e+00 0.000000e+00
7.724660 8.849000e+102 2.039000e+204 1.000000e+07 5.784000e+40 2.380000e+02 5.427000e-01 8.208902e+04 0.000000e+00 0.000000e+00
7.874550 8.979000e+01 1.352000e+02 1.000000e+07 7.652000e+40 2.370000e+02 5.334000e-01 2.445390e+04 0.000000e+00 0.000000e+00
8.024450 8.121000e+01 9.437000e+01 1.000000e+07 9.679000e+40 2.361000e+02 5.243000e-01 8.800131e+04 0.000000e+00 0.000000e+00
8.174340 -9.990000e+02 -4.609000e+104 1.000000e+07 1.185000e+41 2.351000e+02 5.150000e-01 1.731135e+05 0.000000e+00 0.000000e+00
8.324240 4.680000e+102 1.078000e+204 1.000000e+07 1.417000e+41 2.341000e+02 5.060000e-01 1.158014e+05 0.000000e+00 0.000000e+00
8.474140 -9.990000e+02 -4.609000e+104 1.000000e+07 1.661000e+41 2.331000e+02 4.971000e-01 8.182156e+04 0.000000e+00 0.000000e+00
8.624030 1.119000e+103 2.577000e+204 1.000000e+07 1.918000e+41 2.321000e+02 4.883000e-01 3.801260e+04 0.000000e+00 0.000000e+00
8.773930 8.457000e+01 1.430000e+02 1.000000e+07 2.187000e+41 2.312000e+02 4.797000e-01 3.205555e+04 0.000000e+00 0.000000e+00
8.923830 -9.990000e+02 -4.609000e+104 1.000000e+07 2.468000e+41 2.302000e+02 4.713000e-01 1.717042e+04 0.000000e+00 0.000000e+00
9.073720 -9.990000e+02 -4.609000e+104 1.000000e+07 2.759000e+41 2.292000e+02 4.629000e-01 2.917002e+04 0.000000e+00 0.000000e+00
9.223620 -9.990000e+02 -4.609000e+104 1.000000e+07 3.061000e+41 2.283000e+02 4.545000e-01 3.832387e+04 0.000000e+00 0.000000e+00
9.373510 -9.990000e+02 -5.152000e+104 1.000000e+07 3.373000e+41 2.273000e+02 4.463000e-01 4.944260e+04 0.000000e+00 0.000000e+00
9.523410 -9.990000e+02 -5.152000e+104 1.000000e+07 3.695000e+41 2.263000e+02 4.382000e-01 1.134071e+04 0.000000e+00 0.000000e+00
9.673310 -9.990000e+02 -4.609000e+104 1.000000e+07 4.026000e+41 2.253000e+02 4.303000e-01 2.433183e+03 0.000000e+00 0.000000e+00
9.823200 3.387000e+01 1.369000e+02 1.000000e+07 4.367000e+41 2.244000e+02 4.225000e-01 4.342595e+02 0.000000e+00 0.000000e+00
