2021/07/10 19:45:00-19:58:52 JST
fH2O= 62.19 /media/data/L0/Ko210710/19/Ko195800.(00-0d)25ns 24000/40bin dz149.90 7319 shot 0.300mrad wid=0 fnum:14 fnum_noise:0
Altitude(km) W[g/kg] dW[g/kg] R355 dR355 T[K] RO[gm^-3] PZ^2_355 Wsonde[g/kg] dWsonde[g/kg]
0.192370 1.541000e+01 3.225000e-01 -9.990000e+02 -3.298000e+02 2.869000e+02 1.202000e+00 1.710510e+03 0.000000e+00 0.000000e+00
0.267320 1.485000e+01 2.712000e-01 -9.990000e+02 -3.298000e+02 2.864000e+02 1.194000e+00 3.753562e+03 0.000000e+00 0.000000e+00
0.342270 1.497000e+01 2.576000e-01 -9.990000e+02 -3.298000e+02 2.859000e+02 1.185000e+00 6.881947e+03 0.000000e+00 0.000000e+00
0.417210 1.425000e+01 2.534000e-01 -9.990000e+02 -3.298000e+02 2.854000e+02 1.176000e+00 9.912370e+03 0.000000e+00 0.000000e+00
0.492160 1.408000e+01 2.641000e-01 -9.990000e+02 -3.298000e+02 2.849000e+02 1.168000e+00 1.180463e+04 0.000000e+00 0.000000e+00
0.567110 1.352000e+01 2.765000e-01 -9.990000e+02 -3.298000e+02 2.844000e+02 1.159000e+00 1.339424e+04 0.000000e+00 0.000000e+00
0.642060 1.281000e+01 2.888000e-01 -9.990000e+02 -3.298000e+02 2.840000e+02 1.151000e+00 1.442561e+04 0.000000e+00 0.000000e+00
0.717010 1.350000e+01 3.311000e-01 -9.990000e+02 -3.298000e+02 2.835000e+02 1.143000e+00 1.511726e+04 0.000000e+00 0.000000e+00
0.791960 1.373000e+01 3.610000e-01 -9.990000e+02 -3.298000e+02 2.830000e+02 1.134000e+00 1.559143e+04 0.000000e+00 0.000000e+00
0.866900 1.294000e+01 3.787000e-01 -9.990000e+02 -3.298000e+02 2.825000e+02 1.126000e+00 1.617978e+04 0.000000e+00 0.000000e+00
0.941850 1.383000e+01 4.311000e-01 -9.990000e+02 -3.299000e+02 2.820000e+02 1.118000e+00 1.668017e+04 0.000000e+00 0.000000e+00
1.016800 1.378000e+01 4.687000e-01 -9.990000e+02 -3.299000e+02 2.815000e+02 1.110000e+00 1.753853e+04 0.000000e+00 0.000000e+00
1.129220 1.369000e+01 3.657000e-01 3.994000e-02 2.643000e-01 2.808000e+02 1.098000e+00 2.846148e+04 0.000000e+00 0.000000e+00
1.279120 1.426000e+01 5.216000e-01 1.799000e-01 1.190000e+00 2.798000e+02 1.081000e+00 1.238163e+05 0.000000e+00 0.000000e+00
1.429010 1.276000e+01 7.551000e-01 5.514000e-02 3.648000e-01 2.788000e+02 1.065000e+00 3.668658e+04 0.000000e+00 0.000000e+00
1.578910 1.361000e+01 1.001000e+00 1.111000e-02 7.351000e-02 2.779000e+02 1.050000e+00 7.154752e+03 0.000000e+00 0.000000e+00
1.728810 1.215000e+01 1.029000e+00 7.778000e-03 5.145000e-02 2.769000e+02 1.034000e+00 4.848675e+03 0.000000e+00 0.000000e+00
1.878700 1.139000e+01 1.206000e+00 1.067000e-01 7.059000e-01 2.759000e+02 1.019000e+00 6.425642e+04 0.000000e+00 0.000000e+00
2.028600 7.886000e+00 2.935000e+00 1.045000e+02 2.952000e+01 2.750000e+02 1.004000e+00 1.606242e+04 0.000000e+00 0.000000e+00
2.178500 1.389000e+00 2.909000e+00 1.721000e+00 5.022000e-01 2.740000e+02 9.885000e-01 2.563177e+02 0.000000e+00 0.000000e+00
2.328390 -9.990000e+02 -1.515000e+103 1.303000e+00 3.874000e-01 2.730000e+02 9.735000e-01 1.897718e+02 0.000000e+00 0.000000e+00
2.478290 9.986000e+00 8.328000e+00 1.237000e+00 3.711000e-01 2.720000e+02 9.588000e-01 1.750635e+02 0.000000e+00 0.000000e+00
2.628180 1.847000e+01 1.603000e+01 8.997000e-01 2.800000e-01 2.711000e+02 9.443000e-01 1.312508e+02 0.000000e+00 0.000000e+00
2.778080 3.859000e+00 8.133000e+00 1.293000e+00 3.935000e-01 2.701000e+02 9.300000e-01 1.736656e+02 0.000000e+00 0.000000e+00
2.927980 5.796000e+00 6.525000e+00 1.068000e+00 3.333000e-01 2.691000e+02 9.159000e-01 1.457546e+02 0.000000e+00 0.000000e+00
3.077870 3.116000e+01 1.804000e+01 1.287000e+00 3.983000e-01 2.682000e+02 9.019000e-01 1.657970e+02 0.000000e+00 0.000000e+00
3.227770 -9.990000e+02 -1.515000e+103 1.340000e+00 4.163000e-01 2.672000e+02 8.879000e-01 1.667102e+02 0.000000e+00 0.000000e+00
3.377670 -9.990000e+02 -1.515000e+103 1.373000e+00 4.288000e-01 2.662000e+02 8.742000e-01 1.654391e+02 0.000000e+00 0.000000e+00
3.527560 1.191000e+01 1.375000e+01 1.531000e+00 4.758000e-01 2.652000e+02 8.607000e-01 1.742258e+02 0.000000e+00 0.000000e+00
3.677460 2.693000e+01 2.438000e+01 1.356000e+00 4.297000e-01 2.642000e+02 8.473000e-01 1.555347e+02 0.000000e+00 0.000000e+00
3.827350 -9.990000e+02 -1.515000e+103 1.783000e+00 5.505000e-01 2.633000e+02 8.342000e-01 1.831222e+02 0.000000e+00 0.000000e+00
3.977250 -9.990000e+02 -1.515000e+103 1.508000e+00 4.767000e-01 2.623000e+02 8.213000e-01 1.581971e+02 0.000000e+00 0.000000e+00
4.127150 -9.990000e+02 -1.515000e+103 7.101000e-01 2.426000e-01 2.613000e+02 8.083000e-01 1.022070e+02 0.000000e+00 0.000000e+00
4.277040 7.963000e+01 1.269000e+02 9.189000e-01 3.099000e-01 2.604000e+02 7.955000e-01 1.189130e+02 0.000000e+00 0.000000e+00
4.426940 1.326000e+01 1.540000e+01 1.670000e+00 5.349000e-01 2.594000e+02 7.829000e-01 1.665935e+02 0.000000e+00 0.000000e+00
4.576830 -9.990000e+02 -1.515000e+103 8.262000e-01 2.835000e-01 2.584000e+02 7.704000e-01 1.152182e+02 0.000000e+00 0.000000e+00
4.726730 -9.990000e+02 -1.515000e+103 1.099000e+00 3.711000e-01 2.574000e+02 7.582000e-01 1.340611e+02 0.000000e+00 0.000000e+00
4.876630 1.160000e+01 2.502000e+01 1.000000e+00 1.312000e-02 2.565000e+02 7.462000e-01 1.308072e+02 0.000000e+00 0.000000e+00
5.026520 1.500000e+01 3.272000e+01 7.435000e+00 3.354000e+00 2.555000e+02 7.343000e-01 3.663877e+02 0.000000e+00 0.000000e+00
5.176420 -9.990000e+02 -1.515000e+103 1.416000e+00 6.919000e-01 2.545000e+02 7.224000e-01 1.339856e+02 0.000000e+00 0.000000e+00
5.326320 1.273000e+02 4.824000e+02 3.955000e-101 2.019000e-101 2.535000e+02 7.106000e-01 7.092861e+01 0.000000e+00 0.000000e+00
5.476210 -9.990000e+02 -1.515000e+103 4.301000e-101 2.203000e-101 2.526000e+02 6.990000e-01 4.498602e+01 0.000000e+00 0.000000e+00
5.626110 -9.990000e+02 -1.515000e+103 8.873000e-01 4.448000e-01 2.516000e+02 6.877000e-01 1.266208e+02 0.000000e+00 0.000000e+00
5.776000 1.704000e+102 1.866000e+202 5.063000e-101 2.601000e-101 2.506000e+02 6.765000e-01 8.341068e+01 0.000000e+00 0.000000e+00
5.925900 3.626000e+01 8.648000e+01 1.044000e+00 5.255000e-01 2.497000e+02 6.655000e-01 1.404745e+02 0.000000e+00 0.000000e+00
6.075800 2.761000e+02 9.244000e+02 5.343000e-01 2.721000e-01 2.487000e+02 6.545000e-01 1.292122e+02 0.000000e+00 0.000000e+00
6.225690 5.070000e+101 5.554000e+201 1.233000e+00 6.224000e-01 2.477000e+02 6.436000e-01 1.550472e+02 0.000000e+00 0.000000e+00
6.375590 1.267000e+02 4.799000e+02 6.995000e-101 3.618000e-101 2.467000e+02 6.329000e-01 0.000000e+00 0.000000e+00 0.000000e+00
6.525490 5.063000e+101 5.546000e+201 7.533000e-101 3.906000e-101 2.458000e+02 6.223000e-01 8.516938e+01 0.000000e+00 0.000000e+00
6.675380 -9.990000e+02 -1.515000e+103 7.291000e-01 3.741000e-01 2.448000e+02 6.119000e-01 1.559728e+02 0.000000e+00 0.000000e+00
6.825280 -9.990000e+02 -1.869000e+103 8.703000e-101 4.524000e-101 2.438000e+02 6.017000e-01 9.317477e+01 0.000000e+00 0.000000e+00
6.975170 3.609000e+01 8.606000e+01 9.339000e-101 4.866000e-101 2.429000e+02 5.917000e-01 7.298404e+01 0.000000e+00 0.000000e+00
7.125070 -9.990000e+02 -1.869000e+103 1.001000e-100 5.229000e-101 2.419000e+02 5.816000e-01 1.015397e+02 0.000000e+00 0.000000e+00
7.274970 1.261000e+02 4.780000e+02 1.073000e-100 5.613000e-101 2.409000e+02 5.716000e-01 2.646419e+01 0.000000e+00 0.000000e+00
7.424860 3.602000e+01 8.589000e+01 1.148000e-100 6.019000e-101 2.399000e+02 5.618000e-01 8.269801e+01 0.000000e+00 0.000000e+00
7.574760 -9.990000e+02 -1.869000e+103 1.227000e-100 6.448000e-101 2.389000e+02 5.522000e-01 5.738052e+01 0.000000e+00 0.000000e+00
7.724660 -9.990000e+02 -1.515000e+103 1.311000e-100 6.900000e-101 2.380000e+02 5.427000e-01 2.983700e+01 0.000000e+00 0.000000e+00
7.874550 4.964000e+01 5.043000e+01 1.399000e-100 7.376000e-101 2.370000e+02 5.334000e-01 6.201237e+01 0.000000e+00 0.000000e+00
8.024450 1.687000e+102 1.848000e+202 1.491000e-100 7.878000e-101 2.361000e+02 5.243000e-01 1.931882e+02 0.000000e+00 0.000000e+00
8.174340 -9.990000e+02 -1.869000e+103 1.589000e-100 8.410000e-101 2.351000e+02 5.150000e-01 6.682398e+01 0.000000e+00 0.000000e+00
8.324240 1.256000e+02 4.760000e+02 1.692000e-100 8.970000e-101 2.341000e+02 5.060000e-01 6.929728e+01 0.000000e+00 0.000000e+00
8.474140 1.093000e+102 1.197000e+202 1.801000e-100 9.559000e-101 2.331000e+02 4.971000e-01 3.590773e+01 0.000000e+00 0.000000e+00
8.624030 -9.990000e+02 -1.515000e+103 1.914000e-100 1.018000e-100 2.321000e+02 4.883000e-01 1.859470e+02 0.000000e+00 0.000000e+00
8.773930 -9.990000e+02 -1.515000e+103 1.894000e+00 1.000000e+00 2.312000e+02 4.797000e-01 2.694549e+02 0.000000e+00 0.000000e+00
8.923830 -9.990000e+02 -1.515000e+103 1.000000e+07 1.293000e+40 2.302000e+02 4.713000e-01 7.167701e+02 0.000000e+00 0.000000e+00
9.073720 7.791000e+01 1.241000e+02 1.000000e+07 2.587000e+40 2.292000e+02 4.629000e-01 5.352005e+02 0.000000e+00 0.000000e+00
9.223620 -9.990000e+02 -1.869000e+103 1.000000e+07 4.090000e+40 2.283000e+02 4.545000e-01 5.955713e+02 0.000000e+00 0.000000e+00
9.373510 -9.990000e+02 -1.869000e+103 1.000000e+07 5.784000e+40 2.273000e+02 4.463000e-01 5.272153e+02 0.000000e+00 0.000000e+00
9.523410 -9.990000e+02 -1.869000e+103 1.000000e+07 7.652000e+40 2.263000e+02 4.382000e-01 7.256197e+02 0.000000e+00 0.000000e+00
9.673310 -9.990000e+02 -1.515000e+103 1.000000e+07 9.679000e+40 2.253000e+02 4.303000e-01 9.825982e+02 0.000000e+00 0.000000e+00
9.823200 -9.990000e+02 -1.869000e+103 1.000000e+07 1.185000e+41 2.244000e+02 4.225000e-01 1.206297e+03 0.000000e+00 0.000000e+00
