2021/07/10 04:15:36-04:29:35 JST
fH2O= 58.55 /mnt/d/data/Na210710/04/Na042835.(00-0d)25ns 24000/40bin dz149.90 8330 shot 1.000mrad wid=0 fnum:14 fnum_noise:0
Altitude(km) W[g/kg] dW[g/kg] R355 dR355 T[K] RO[gm^-3] PZ^2_355 Wsonde[g/kg] dWsonde[g/kg]
0.190370 1.911000e+01 3.321000e-01 2.436000e-02 6.773000e-03 2.869000e+02 1.203000e+00 1.553946e+03 0.000000e+00 0.000000e+00
0.265320 1.601000e+01 2.788000e-01 4.455000e-02 1.229000e-02 2.864000e+02 1.194000e+00 2.767722e+03 0.000000e+00 0.000000e+00
0.340270 1.788000e+01 3.025000e-01 8.790000e-02 2.409000e-02 2.859000e+02 1.185000e+00 5.339030e+03 0.000000e+00 0.000000e+00
0.415210 1.847000e+01 3.222000e-01 1.538000e-01 4.190000e-02 2.854000e+02 1.177000e+00 9.150838e+03 0.000000e+00 0.000000e+00
0.490160 1.815000e+01 3.457000e-01 1.858000e-01 5.035000e-02 2.849000e+02 1.168000e+00 1.084133e+04 0.000000e+00 0.000000e+00
0.565110 1.628000e+01 3.389000e-01 2.055000e-01 5.539000e-02 2.845000e+02 1.160000e+00 1.176431e+04 0.000000e+00 0.000000e+00
0.640060 1.633000e+01 3.707000e-01 2.008000e-01 5.386000e-02 2.840000e+02 1.151000e+00 1.128809e+04 0.000000e+00 0.000000e+00
0.715010 1.568000e+01 3.968000e-01 2.082000e-01 5.557000e-02 2.835000e+02 1.143000e+00 1.149561e+04 0.000000e+00 0.000000e+00
0.789960 1.586000e+01 4.380000e-01 2.166000e-01 5.753000e-02 2.830000e+02 1.135000e+00 1.174623e+04 0.000000e+00 0.000000e+00
0.864900 1.582000e+01 4.737000e-01 2.210000e-01 5.841000e-02 2.825000e+02 1.126000e+00 1.177434e+04 0.000000e+00 0.000000e+00
0.939850 1.561000e+01 5.041000e-01 2.302000e-01 6.056000e-02 2.820000e+02 1.118000e+00 1.205166e+04 0.000000e+00 0.000000e+00
1.014800 1.513000e+01 5.457000e-01 2.315000e-01 6.063000e-02 2.815000e+02 1.110000e+00 1.191317e+04 0.000000e+00 0.000000e+00
1.127220 1.508000e+01 4.206000e-01 2.371000e-01 7.422000e-02 2.808000e+02 1.098000e+00 1.249146e+04 0.000000e+00 0.000000e+00
1.277120 1.436000e+01 4.733000e-01 2.425000e-01 7.500000e-02 2.798000e+02 1.082000e+00 1.234939e+04 0.000000e+00 0.000000e+00
1.427010 1.483000e+01 5.441000e-01 2.725000e-01 8.333000e-02 2.788000e+02 1.066000e+00 1.341525e+04 0.000000e+00 0.000000e+00
1.576910 1.175000e+01 5.422000e-01 2.700000e-01 8.167000e-02 2.779000e+02 1.050000e+00 1.285839e+04 0.000000e+00 0.000000e+00
1.726810 1.266000e+01 6.373000e-01 3.067000e-01 9.184000e-02 2.769000e+02 1.034000e+00 1.413162e+04 0.000000e+00 0.000000e+00
1.876700 1.063000e+01 6.278000e-01 3.797000e-01 1.128000e-01 2.759000e+02 1.019000e+00 1.693133e+04 0.000000e+00 0.000000e+00
2.026600 1.114000e+01 7.274000e-01 4.504000e-01 1.330000e-01 2.750000e+02 1.004000e+00 1.944352e+04 0.000000e+00 0.000000e+00
2.176500 1.320000e+01 8.674000e-01 4.714000e-01 1.384000e-01 2.740000e+02 9.887000e-01 1.969874e+04 0.000000e+00 0.000000e+00
2.326390 1.229000e+01 9.173000e-01 5.454000e-01 1.595000e-01 2.730000e+02 9.737000e-01 2.206898e+04 0.000000e+00 0.000000e+00
2.476290 1.453000e+01 1.107000e+00 5.917000e-01 1.725000e-01 2.720000e+02 9.590000e-01 2.318961e+04 0.000000e+00 0.000000e+00
2.626180 1.339000e+01 1.162000e+00 6.898000e-01 2.008000e-01 2.711000e+02 9.445000e-01 2.619375e+04 0.000000e+00 0.000000e+00
2.776080 1.237000e+01 1.211000e+00 8.050000e-01 2.341000e-01 2.701000e+02 9.302000e-01 2.962077e+04 0.000000e+00 0.000000e+00
2.925980 8.226000e+00 9.971000e-01 9.381000e-01 2.728000e-01 2.691000e+02 9.161000e-01 3.346135e+04 0.000000e+00 0.000000e+00
3.075870 1.068000e+01 1.319000e+00 1.270000e+00 3.672000e-01 2.682000e+02 9.021000e-01 4.306406e+04 0.000000e+00 0.000000e+00
3.225770 8.364000e+00 1.209000e+00 1.637000e+00 4.671000e-01 2.672000e+02 8.881000e-01 5.146260e+04 0.000000e+00 0.000000e+00
3.375670 6.896000e+00 1.171000e+00 2.123000e+00 5.866000e-01 2.662000e+02 8.744000e-01 5.986488e+04 0.000000e+00 0.000000e+00
3.525560 6.772000e+00 1.213000e+00 3.055000e+00 7.641000e-01 2.652000e+02 8.608000e-01 7.261612e+04 0.000000e+00 0.000000e+00
3.675460 4.582000e+00 1.096000e+00 3.005000e+00 6.740000e-01 2.643000e+02 8.475000e-01 6.055682e+04 0.000000e+00 0.000000e+00
3.825350 4.381000e+00 1.179000e+00 2.613000e+00 5.397000e-01 2.633000e+02 8.344000e-01 4.592069e+04 0.000000e+00 0.000000e+00
3.975250 4.804000e+00 1.297000e+00 2.358000e+00 4.562000e-01 2.623000e+02 8.215000e-01 3.681961e+04 0.000000e+00 0.000000e+00
4.125150 6.603000e+00 1.872000e+00 2.152000e+00 3.955000e-01 2.613000e+02 8.085000e-01 3.029096e+04 0.000000e+00 0.000000e+00
4.275040 6.417000e+00 2.051000e+00 2.477000e+00 4.161000e-01 2.604000e+02 7.957000e-01 3.083149e+04 0.000000e+00 0.000000e+00
4.424940 1.414000e+01 3.742000e+00 2.781000e+00 4.004000e-01 2.594000e+02 7.830000e-01 3.008783e+04 0.000000e+00 0.000000e+00
4.574830 5.597000e+00 2.951000e+00 3.596000e+00 2.842000e-01 2.584000e+02 7.706000e-01 3.223441e+04 0.000000e+00 0.000000e+00
4.724730 4.015000e+00 3.990000e+00 2.414000e+00 1.177000e-01 2.574000e+02 7.584000e-01 1.930586e+04 0.000000e+00 0.000000e+00
4.874630 -9.990000e+02 -8.935000e+102 1.000000e+00 1.312000e-02 2.565000e+02 7.463000e-01 7.775007e+03 0.000000e+00 0.000000e+00
5.024520 1.329000e+01 2.890000e+01 3.502000e-01 3.002000e-02 2.555000e+02 7.345000e-01 2.651438e+03 0.000000e+00 0.000000e+00
5.174420 6.158000e+01 2.408000e+02 1.539000e-01 1.923000e-02 2.545000e+02 7.225000e-01 1.138069e+03 0.000000e+00 0.000000e+00
5.324320 -9.990000e+02 -8.935000e+102 3.641000e-02 8.643000e-03 2.536000e+02 7.108000e-01 2.693293e+02 0.000000e+00 0.000000e+00
5.474210 3.382000e+101 5.759000e+201 9.305000e-03 3.978000e-03 2.526000e+02 6.992000e-01 7.492203e+01 0.000000e+00 0.000000e+00
5.624110 3.379000e+101 5.754000e+201 2.350000e-103 1.998000e-103 2.516000e+02 6.878000e-01 0.000000e+00 0.000000e+00 0.000000e+00
5.774000 -9.990000e+02 -1.922000e+103 2.547000e-103 2.169000e-103 2.506000e+02 6.766000e-01 0.000000e+00 0.000000e+00 0.000000e+00
5.923900 -9.990000e+02 -8.935000e+102 8.271000e-04 6.409000e-04 2.497000e+02 6.656000e-01 1.754732e+01 0.000000e+00 0.000000e+00
6.073800 3.371000e+101 5.741000e+201 6.855000e-03 3.652000e-03 2.487000e+02 6.547000e-01 5.533992e+01 0.000000e+00 0.000000e+00
6.223690 2.654000e+02 9.160000e+02 3.218000e-103 2.748000e-103 2.477000e+02 6.437000e-01 0.000000e+00 0.000000e+00 0.000000e+00
6.373590 -9.990000e+02 -1.922000e+103 3.470000e-103 2.966000e-103 2.467000e+02 6.330000e-01 0.000000e+00 0.000000e+00 0.000000e+00
6.523490 -9.990000e+02 -1.922000e+103 3.736000e-103 3.197000e-103 2.458000e+02 6.224000e-01 0.000000e+00 0.000000e+00 0.000000e+00
6.673380 -9.990000e+02 -8.935000e+102 1.206000e-03 9.396000e-04 2.448000e+02 6.121000e-01 2.226833e+01 0.000000e+00 0.000000e+00
6.823280 3.360000e+101 5.722000e+201 4.317000e-103 3.701000e-103 2.438000e+02 6.018000e-01 0.000000e+00 0.000000e+00 0.000000e+00
6.973170 2.166000e+01 5.190000e+01 1.065000e-02 5.758000e-03 2.429000e+02 5.918000e-01 7.294215e+01 0.000000e+00 0.000000e+00
7.123070 -9.990000e+02 -8.935000e+102 1.490000e-03 1.165000e-03 2.419000e+02 5.817000e-01 2.537059e+01 0.000000e+00 0.000000e+00
7.272970 3.353000e+101 5.710000e+201 2.288000e-02 1.022000e-02 2.409000e+02 5.717000e-01 1.322487e+02 0.000000e+00 0.000000e+00
7.422860 4.671000e+02 1.595000e+03 7.402000e-03 4.655000e-03 2.399000e+02 5.620000e-01 5.510221e+01 0.000000e+00 0.000000e+00
7.572760 -9.990000e+02 -1.922000e+103 1.826000e-03 1.432000e-03 2.390000e+02 5.523000e-01 2.867508e+01 0.000000e+00 0.000000e+00
7.722660 2.159000e+01 5.174000e+01 1.951000e-03 1.530000e-03 2.380000e+02 5.429000e-01 2.982155e+01 0.000000e+00 0.000000e+00
7.872550 2.158000e+01 5.171000e+01 9.019000e-03 5.694000e-03 2.370000e+02 5.336000e-01 6.198085e+01 0.000000e+00 0.000000e+00
8.022450 -9.990000e+02 -1.922000e+103 7.397000e-103 6.378000e-103 2.361000e+02 5.244000e-01 0.000000e+00 0.000000e+00 0.000000e+00
8.172340 -9.990000e+02 -1.922000e+103 2.365000e-03 1.860000e-03 2.351000e+02 5.152000e-01 3.339561e+01 0.000000e+00 0.000000e+00
8.322240 -9.990000e+02 -8.935000e+102 2.518000e-03 1.982000e-03 2.341000e+02 5.061000e-01 3.463196e+01 0.000000e+00 0.000000e+00
8.472140 3.337000e+101 5.683000e+201 2.054000e-02 1.129000e-02 2.331000e+02 4.972000e-01 1.076725e+02 0.000000e+00 0.000000e+00
8.622030 -9.990000e+02 -1.922000e+103 2.849000e-03 2.245000e-03 2.322000e+02 4.884000e-01 3.717198e+01 0.000000e+00 0.000000e+00
8.771930 -9.990000e+02 -1.922000e+103 1.312000e-02 8.335000e-03 2.312000e+02 4.798000e-01 7.695153e+01 0.000000e+00 0.000000e+00
8.921830 -9.990000e+02 -8.935000e+102 1.071000e-102 9.267000e-103 2.302000e+02 4.714000e-01 0.000000e+00 0.000000e+00 0.000000e+00
9.071720 9.381000e+00 1.968000e+01 1.136000e-102 9.838000e-103 2.293000e+02 4.630000e-01 0.000000e+00 0.000000e+00 0.000000e+00
9.221620 -9.990000e+02 -1.922000e+103 1.205000e-102 1.044000e-102 2.283000e+02 4.546000e-01 0.000000e+00 0.000000e+00 0.000000e+00
9.371510 -9.990000e+02 -1.922000e+103 1.278000e-102 1.107000e-102 2.273000e+02 4.464000e-01 0.000000e+00 0.000000e+00 0.000000e+00
9.521410 -9.990000e+02 -1.922000e+103 1.353000e-102 1.173000e-102 2.263000e+02 4.383000e-01 0.000000e+00 0.000000e+00 0.000000e+00
9.671310 8.863000e+101 1.509000e+202 4.298000e-03 3.401000e-03 2.254000e+02 4.304000e-01 4.677002e+01 0.000000e+00 0.000000e+00
9.821200 -9.990000e+02 -8.935000e+102 1.970000e-02 1.260000e-02 2.244000e+02 4.226000e-01 9.646202e+01 0.000000e+00 0.000000e+00
