2021/07/10 04:00:38-04:14:37 JST
fH2O= 58.55 /mnt/d/data/Na210710/04/Na041337.(00-0d)25ns 24000/40bin dz149.90 8330 shot 1.000mrad wid=0 fnum:14 fnum_noise:0
Altitude(km) W[g/kg] dW[g/kg] R355 dR355 T[K] RO[gm^-3] PZ^2_355 Wsonde[g/kg] dWsonde[g/kg]
0.190370 1.995000e+01 3.593000e-01 8.058000e-02 8.733000e-03 2.869000e+02 1.203000e+00 1.531896e+03 0.000000e+00 0.000000e+00
0.265320 1.691000e+01 3.049000e-01 1.450000e-01 1.508000e-02 2.864000e+02 1.194000e+00 2.683517e+03 0.000000e+00 0.000000e+00
0.340270 1.761000e+01 3.172000e-01 2.527000e-01 2.543000e-02 2.859000e+02 1.185000e+00 4.573758e+03 0.000000e+00 0.000000e+00
0.415210 1.784000e+01 3.351000e-01 4.092000e-01 4.030000e-02 2.854000e+02 1.177000e+00 7.256095e+03 0.000000e+00 0.000000e+00
0.490160 1.844000e+01 3.656000e-01 5.868000e-01 5.717000e-02 2.849000e+02 1.168000e+00 1.020446e+04 0.000000e+00 0.000000e+00
0.565110 1.621000e+01 3.686000e-01 1.325000e+00 1.280000e-01 2.845000e+02 1.160000e+00 2.228180e+04 0.000000e+00 0.000000e+00
0.640060 1.642000e+01 4.181000e-01 5.786000e-01 5.532000e-02 2.840000e+02 1.151000e+00 9.549609e+03 0.000000e+00 0.000000e+00
0.715010 1.693000e+01 4.719000e-01 6.008000e-01 5.689000e-02 2.835000e+02 1.143000e+00 9.737468e+03 0.000000e+00 0.000000e+00
0.789960 1.592000e+01 4.928000e-01 7.481000e-01 7.055000e-02 2.830000e+02 1.135000e+00 1.191062e+04 0.000000e+00 0.000000e+00
0.864900 1.585000e+01 5.429000e-01 6.269000e-01 5.867000e-02 2.825000e+02 1.126000e+00 9.805983e+03 0.000000e+00 0.000000e+00
0.939850 1.615000e+01 5.926000e-01 5.475000e-01 5.067000e-02 2.820000e+02 1.118000e+00 8.417042e+03 0.000000e+00 0.000000e+00
1.014800 1.518000e+01 6.097000e-01 5.528000e-01 5.056000e-02 2.815000e+02 1.110000e+00 8.352583e+03 0.000000e+00 0.000000e+00
1.127220 1.515000e+01 4.816000e-01 5.635000e-01 6.127000e-02 2.808000e+02 1.098000e+00 8.790031e+03 0.000000e+00 0.000000e+00
1.277120 1.532000e+01 5.662000e-01 5.791000e-01 6.104000e-02 2.798000e+02 1.082000e+00 8.730453e+03 0.000000e+00 0.000000e+00
1.427010 1.466000e+01 6.197000e-01 5.251000e-01 5.314000e-02 2.788000e+02 1.066000e+00 7.653381e+03 0.000000e+00 0.000000e+00
1.576910 1.157000e+01 6.051000e-01 4.431000e-01 4.226000e-02 2.779000e+02 1.050000e+00 6.246307e+03 0.000000e+00 0.000000e+00
1.726810 1.159000e+01 6.687000e-01 4.473000e-01 3.997000e-02 2.769000e+02 1.034000e+00 6.101762e+03 0.000000e+00 0.000000e+00
1.876700 1.040000e+01 6.916000e-01 4.828000e-01 4.048000e-02 2.759000e+02 1.019000e+00 6.373811e+03 0.000000e+00 0.000000e+00
2.026600 9.945000e+00 7.431000e-01 4.942000e-01 3.880000e-02 2.750000e+02 1.004000e+00 6.315243e+03 0.000000e+00 0.000000e+00
2.176500 1.271000e+01 9.402000e-01 5.093000e-01 3.736000e-02 2.740000e+02 9.887000e-01 6.300918e+03 0.000000e+00 0.000000e+00
2.326390 1.087000e+01 9.313000e-01 5.321000e-01 3.646000e-02 2.730000e+02 9.737000e-01 6.375143e+03 0.000000e+00 0.000000e+00
2.476290 1.253000e+01 1.080000e+00 6.352000e-01 4.143000e-02 2.720000e+02 9.590000e-01 7.370964e+03 0.000000e+00 0.000000e+00
2.626180 1.228000e+01 1.210000e+00 6.142000e-01 3.819000e-02 2.711000e+02 9.445000e-01 6.905623e+03 0.000000e+00 0.000000e+00
2.776080 9.751000e+00 1.137000e+00 5.989000e-01 3.525000e-02 2.701000e+02 9.302000e-01 6.525793e+03 0.000000e+00 0.000000e+00
2.925980 9.986000e+00 1.266000e+00 5.717000e-01 3.150000e-02 2.691000e+02 9.161000e-01 6.039123e+03 0.000000e+00 0.000000e+00
3.075870 8.703000e+00 1.186000e+00 6.666000e-01 3.464000e-02 2.682000e+02 9.021000e-01 6.825470e+03 0.000000e+00 0.000000e+00
3.225770 6.153000e+00 1.050000e+00 7.967000e-01 4.022000e-02 2.672000e+02 8.881000e-01 7.908614e+03 0.000000e+00 0.000000e+00
3.375670 5.673000e+00 1.104000e+00 9.187000e-01 4.610000e-02 2.662000e+02 8.744000e-01 8.843533e+03 0.000000e+00 0.000000e+00
3.525560 5.563000e+00 1.142000e+00 9.938000e-01 5.011000e-02 2.652000e+02 8.608000e-01 9.278681e+03 0.000000e+00 0.000000e+00
3.675460 5.304000e+00 1.238000e+00 1.096000e+00 5.504000e-02 2.643000e+02 8.475000e-01 9.867775e+03 0.000000e+00 0.000000e+00
3.825350 2.111000e+00 8.047000e-01 1.011000e+00 5.208000e-02 2.633000e+02 8.344000e-01 8.826219e+03 0.000000e+00 0.000000e+00
3.975250 4.049000e+00 1.205000e+00 1.217000e+00 6.051000e-02 2.623000e+02 8.215000e-01 1.016501e+04 0.000000e+00 0.000000e+00
4.125150 7.623000e+00 1.811000e+00 9.147000e-01 4.862000e-02 2.613000e+02 8.085000e-01 7.416825e+03 0.000000e+00 0.000000e+00
4.275040 5.076000e+00 1.522000e+00 1.206000e+00 6.081000e-02 2.604000e+02 7.957000e-01 9.366090e+03 0.000000e+00 0.000000e+00
4.424940 4.807000e+00 1.754000e+00 1.000000e+00 1.312000e-02 2.594000e+02 7.830000e-01 7.543768e+03 0.000000e+00 0.000000e+00
4.574830 5.218000e+00 1.713000e+00 1.571000e+00 8.926000e-02 2.584000e+02 7.706000e-01 1.111367e+04 0.000000e+00 0.000000e+00
4.724730 4.831000e+00 1.665000e+00 5.522000e+00 1.232000e+00 2.574000e+02 7.584000e-01 2.888514e+04 0.000000e+00 0.000000e+00
4.874630 7.339000e+00 2.728000e+00 1.695000e+02 1.285000e+05 2.565000e+02 7.463000e-01 3.772059e+04 0.000000e+00 0.000000e+00
5.024520 4.239000e+00 3.634000e+00 1.000000e+07 1.293000e+40 2.555000e+02 7.345000e-01 4.322454e+04 0.000000e+00 0.000000e+00
5.174420 2.547000e+00 1.113000e+01 1.000000e+07 2.587000e+40 2.545000e+02 7.225000e-01 2.921420e+04 0.000000e+00 0.000000e+00
5.324320 1.026000e+01 4.642000e+01 1.000000e+07 4.090000e+40 2.536000e+02 7.108000e-01 3.870686e+03 0.000000e+00 0.000000e+00
5.474210 -9.990000e+02 -2.023000e+103 1.000000e+07 5.784000e+40 2.526000e+02 6.992000e-01 1.123898e+03 0.000000e+00 0.000000e+00
5.624110 -9.990000e+02 -2.023000e+103 1.000000e+07 7.652000e+40 2.516000e+02 6.878000e-01 3.637801e+02 0.000000e+00 0.000000e+00
5.774000 1.688000e+101 2.774000e+201 1.000000e+07 9.679000e+40 2.506000e+02 6.766000e-01 3.334104e+01 0.000000e+00 0.000000e+00
5.923900 -9.990000e+02 -2.023000e+103 1.000000e+07 1.185000e+41 2.497000e+02 6.656000e-01 1.754732e+01 0.000000e+00 0.000000e+00
6.073800 -9.990000e+02 -2.023000e+103 1.000000e+07 1.417000e+41 2.487000e+02 6.547000e-01 0.000000e+00 0.000000e+00 0.000000e+00
6.223690 -9.990000e+02 -2.023000e+103 1.000000e+07 1.661000e+41 2.477000e+02 6.437000e-01 1.936830e+01 0.000000e+00 0.000000e+00
6.373590 -9.990000e+02 -1.182000e+103 1.000000e+07 1.918000e+41 2.467000e+02 6.330000e-01 2.031253e+01 0.000000e+00 0.000000e+00
6.523490 -9.990000e+02 -2.023000e+103 1.000000e+07 2.187000e+41 2.458000e+02 6.224000e-01 0.000000e+00 0.000000e+00 0.000000e+00
6.673380 -9.990000e+02 -1.182000e+103 1.000000e+07 2.468000e+41 2.448000e+02 6.121000e-01 2.226833e+01 0.000000e+00 0.000000e+00
6.823280 -9.990000e+02 -2.023000e+103 1.000000e+07 2.759000e+41 2.438000e+02 6.018000e-01 2.327997e+01 0.000000e+00 0.000000e+00
6.973170 -9.990000e+02 -2.023000e+103 1.000000e+07 3.061000e+41 2.429000e+02 5.918000e-01 4.862804e+01 0.000000e+00 0.000000e+00
7.123070 -9.990000e+02 -2.023000e+103 1.000000e+07 3.373000e+41 2.419000e+02 5.817000e-01 0.000000e+00 0.000000e+00 0.000000e+00
7.272970 1.677000e+101 2.755000e+201 1.000000e+07 3.695000e+41 2.409000e+02 5.717000e-01 0.000000e+00 0.000000e+00 0.000000e+00
7.422860 4.591000e+00 2.020000e+01 1.000000e+07 4.026000e+41 2.399000e+02 5.620000e-01 0.000000e+00 0.000000e+00 0.000000e+00
7.572760 -9.990000e+02 -1.182000e+103 1.000000e+07 4.367000e+41 2.390000e+02 5.523000e-01 5.735020e+01 0.000000e+00 0.000000e+00
7.722660 1.674000e+101 2.750000e+201 1.000000e+07 4.717000e+41 2.380000e+02 5.429000e-01 8.946480e+01 0.000000e+00 0.000000e+00
7.872550 -9.990000e+02 -1.182000e+103 1.000000e+07 5.076000e+41 2.370000e+02 5.336000e-01 3.099041e+01 0.000000e+00 0.000000e+00
8.022450 -9.990000e+02 -2.023000e+103 1.000000e+07 5.443000e+41 2.361000e+02 5.244000e-01 3.218181e+01 0.000000e+00 0.000000e+00
8.172340 -9.990000e+02 -2.023000e+103 1.000000e+07 5.819000e+41 2.351000e+02 5.152000e-01 1.335828e+02 0.000000e+00 0.000000e+00
8.322240 -9.990000e+02 -2.023000e+103 1.000000e+07 6.203000e+41 2.341000e+02 5.061000e-01 3.463196e+01 0.000000e+00 0.000000e+00
8.472140 -9.990000e+02 -2.023000e+103 1.000000e+07 6.595000e+41 2.331000e+02 4.972000e-01 0.000000e+00 0.000000e+00 0.000000e+00
8.622030 2.566000e+01 1.329000e+02 1.000000e+07 6.995000e+41 2.322000e+02 4.884000e-01 0.000000e+00 0.000000e+00 0.000000e+00
8.771930 -9.990000e+02 -2.023000e+103 1.000000e+07 7.403000e+41 2.312000e+02 4.798000e-01 3.847575e+01 0.000000e+00 0.000000e+00
8.921830 -9.990000e+02 -2.023000e+103 1.000000e+07 7.819000e+41 2.302000e+02 4.714000e-01 0.000000e+00 0.000000e+00 0.000000e+00
9.071720 7.216000e+101 1.186000e+202 1.000000e+07 8.241000e+41 2.293000e+02 4.630000e-01 1.234520e+02 0.000000e+00 0.000000e+00
9.221620 -9.990000e+02 -1.182000e+103 1.000000e+07 8.672000e+41 2.283000e+02 4.546000e-01 0.000000e+00 0.000000e+00 0.000000e+00
9.371510 -9.990000e+02 -1.182000e+103 1.000000e+07 9.109000e+41 2.273000e+02 4.464000e-01 0.000000e+00 0.000000e+00 0.000000e+00
9.521410 -9.990000e+02 -1.182000e+103 1.000000e+07 9.554000e+41 2.263000e+02 4.383000e-01 4.533144e+01 0.000000e+00 0.000000e+00
9.671310 7.202000e+101 1.183000e+202 1.000000e+07 1.001000e+42 2.254000e+02 4.304000e-01 4.677002e+01 0.000000e+00 0.000000e+00
9.821200 -9.990000e+02 -2.023000e+103 1.000000e+07 1.046000e+42 2.244000e+02 4.226000e-01 4.823099e+01 0.000000e+00 0.000000e+00
