2021/07/09 13:45:51-13:59:50 JST
fH2O= 58.55 /mnt/d/data/Na210709/13/Na135850.(00-0d)25ns 24000/40bin dz149.90 8330 shot 1.000mrad wid=0 fnum:14 fnum_noise:0
Altitude(km) W[g/kg] dW[g/kg] R355 dR355 T[K] RO[gm^-3] PZ^2_355 Wsonde[g/kg] dWsonde[g/kg]
0.190370 2.180000e+01 1.317000e+00 1.259000e+00 1.324000e-01 2.869000e+02 1.203000e+00 1.222901e+04 0.000000e+00 0.000000e+00
0.265320 1.840000e+01 1.478000e+00 4.203000e-01 4.340000e-02 2.864000e+02 1.194000e+00 3.978050e+03 0.000000e+00 0.000000e+00
0.340270 1.752000e+01 1.484000e+00 2.623000e-01 2.625000e-02 2.859000e+02 1.185000e+00 2.428417e+03 0.000000e+00 0.000000e+00
0.415210 1.615000e+01 1.568000e+00 3.318000e-01 3.230000e-02 2.854000e+02 1.177000e+00 3.010351e+03 0.000000e+00 0.000000e+00
0.490160 1.455000e+01 1.690000e+00 3.796000e-01 3.606000e-02 2.849000e+02 1.168000e+00 3.377797e+03 0.000000e+00 0.000000e+00
0.565110 1.328000e+01 1.750000e+00 4.466000e-01 4.159000e-02 2.845000e+02 1.160000e+00 3.901012e+03 0.000000e+00 0.000000e+00
0.640060 1.256000e+01 1.967000e+00 4.965000e-01 4.547000e-02 2.840000e+02 1.151000e+00 4.258444e+03 0.000000e+00 0.000000e+00
0.715010 1.547000e+01 2.282000e+00 5.612000e-01 5.075000e-02 2.835000e+02 1.143000e+00 4.727859e+03 0.000000e+00 0.000000e+00
0.789960 1.500000e+01 2.618000e+00 6.080000e-01 5.444000e-02 2.830000e+02 1.135000e+00 5.033087e+03 0.000000e+00 0.000000e+00
0.864900 1.662000e+01 3.103000e+00 6.686000e-01 5.945000e-02 2.825000e+02 1.126000e+00 5.438944e+03 0.000000e+00 0.000000e+00
0.939850 1.539000e+01 3.507000e+00 7.161000e-01 6.338000e-02 2.820000e+02 1.118000e+00 5.726087e+03 0.000000e+00 0.000000e+00
1.014800 1.431000e+01 3.922000e+00 8.004000e-01 7.069000e-02 2.815000e+02 1.110000e+00 6.291713e+03 0.000000e+00 0.000000e+00
1.127220 1.231000e+01 3.392000e+00 8.054000e-01 4.993000e-02 2.808000e+02 1.098000e+00 6.709356e+03 0.000000e+00 0.000000e+00
1.277120 1.475000e+01 4.403000e+00 8.917000e-01 5.506000e-02 2.798000e+02 1.082000e+00 7.182883e+03 0.000000e+00 0.000000e+00
1.427010 1.261000e+01 5.449000e+00 1.027000e+00 6.327000e-02 2.788000e+02 1.066000e+00 7.984579e+03 0.000000e+00 0.000000e+00
1.576910 2.079000e+01 7.801000e+00 1.089000e+00 6.673000e-02 2.779000e+02 1.050000e+00 8.131294e+03 0.000000e+00 0.000000e+00
1.726810 5.589000e-01 8.221000e+00 1.250000e+00 7.393000e-02 2.769000e+02 1.034000e+00 8.852471e+03 0.000000e+00 0.000000e+00
1.876700 4.589000e+00 1.042000e+01 8.835000e-01 5.278000e-02 2.759000e+02 1.019000e+00 6.081457e+03 0.000000e+00 0.000000e+00
2.026600 -9.990000e+02 -3.361000e+105 9.598000e-01 5.754000e-02 2.750000e+02 1.004000e+00 6.401958e+03 0.000000e+00 0.000000e+00
2.176500 1.810000e+00 1.499000e+01 8.761000e-01 5.282000e-02 2.740000e+02 9.887000e-01 5.675233e+03 0.000000e+00 0.000000e+00
2.326390 -9.990000e+02 -9.990000e+11 8.805000e-01 5.324000e-02 2.730000e+02 9.737000e-01 5.535754e+03 0.000000e+00 0.000000e+00
2.476290 2.186000e+01 2.317000e+01 9.011000e-01 5.474000e-02 2.720000e+02 9.590000e-01 5.499978e+03 0.000000e+00 0.000000e+00
2.626180 -9.990000e+02 -3.361000e+105 9.466000e-01 5.786000e-02 2.711000e+02 9.445000e-01 5.608351e+03 0.000000e+00 0.000000e+00
2.776080 -9.990000e+02 -9.990000e+11 9.137000e-01 5.650000e-02 2.701000e+02 9.302000e-01 5.266229e+03 0.000000e+00 0.000000e+00
2.925980 1.018000e+01 2.791000e+01 9.401000e-01 5.864000e-02 2.691000e+02 9.161000e-01 5.266804e+03 0.000000e+00 0.000000e+00
3.075870 2.949000e+01 4.144000e+01 1.004000e+00 6.286000e-02 2.682000e+02 9.021000e-01 5.459961e+03 0.000000e+00 0.000000e+00
3.225770 -9.990000e+02 -3.361000e+105 8.926000e-01 5.719000e-02 2.672000e+02 8.881000e-01 4.743719e+03 0.000000e+00 0.000000e+00
3.375670 5.273000e+01 7.072000e+01 9.357000e-01 6.042000e-02 2.662000e+02 8.744000e-01 4.835332e+03 0.000000e+00 0.000000e+00
3.525560 1.702000e+01 5.037000e+01 9.412000e-01 6.160000e-02 2.652000e+02 8.608000e-01 4.739032e+03 0.000000e+00 0.000000e+00
3.675460 4.071000e-01 6.969000e+01 9.980000e-01 6.581000e-02 2.643000e+02 8.475000e-01 4.886814e+03 0.000000e+00 0.000000e+00
3.825350 -9.990000e+02 -3.361000e+105 9.300000e-01 6.288000e-02 2.633000e+02 8.344000e-01 4.458422e+03 0.000000e+00 0.000000e+00
3.975250 6.807000e+00 4.400000e+01 9.341000e-01 6.411000e-02 2.623000e+02 8.215000e-01 4.371745e+03 0.000000e+00 0.000000e+00
4.125150 2.464000e+01 4.795000e+01 9.627000e-01 6.685000e-02 2.613000e+02 8.085000e-01 4.392545e+03 0.000000e+00 0.000000e+00
4.275040 -9.990000e+02 -3.361000e+105 9.153000e-01 6.513000e-02 2.604000e+02 7.957000e-01 4.095624e+03 0.000000e+00 0.000000e+00
4.424940 -9.990000e+02 -3.361000e+105 1.011000e+00 7.177000e-02 2.594000e+02 7.830000e-01 4.387879e+03 0.000000e+00 0.000000e+00
4.574830 -9.990000e+02 -3.710000e+105 9.329000e-01 6.837000e-02 2.584000e+02 7.706000e-01 3.988520e+03 0.000000e+00 0.000000e+00
4.724730 -9.990000e+02 -3.710000e+105 9.009000e-01 6.757000e-02 2.574000e+02 7.584000e-01 3.785080e+03 0.000000e+00 0.000000e+00
4.874630 -9.990000e+02 -3.361000e+105 1.000000e+00 1.312000e-02 2.565000e+02 7.463000e-01 4.076621e+03 0.000000e+00 0.000000e+00
5.024520 -9.990000e+02 -3.361000e+105 1.066000e+00 8.040000e-02 2.555000e+02 7.345000e-01 4.217503e+03 0.000000e+00 0.000000e+00
5.174420 1.340000e+02 1.324000e+02 9.511000e-01 7.475000e-02 2.545000e+02 7.225000e-01 3.736171e+03 0.000000e+00 0.000000e+00
5.324320 -9.990000e+02 -3.361000e+105 9.985000e-01 7.908000e-02 2.536000e+02 7.108000e-01 3.828141e+03 0.000000e+00 0.000000e+00
5.474210 4.117000e+103 6.472000e+205 9.807000e-01 7.934000e-02 2.526000e+02 6.992000e-01 3.701922e+03 0.000000e+00 0.000000e+00
5.624110 6.328000e+01 8.701000e+01 1.053000e+00 8.561000e-02 2.516000e+02 6.878000e-01 3.859970e+03 0.000000e+00 0.000000e+00
5.774000 -9.990000e+02 -3.361000e+105 9.957000e-01 8.331000e-02 2.506000e+02 6.766000e-01 3.618176e+03 0.000000e+00 0.000000e+00
5.923900 -9.990000e+02 -3.361000e+105 1.076000e+00 9.036000e-02 2.497000e+02 6.656000e-01 3.790925e+03 0.000000e+00 0.000000e+00
6.073800 -9.990000e+02 -3.361000e+105 9.413000e-01 8.267000e-02 2.487000e+02 6.547000e-01 3.339355e+03 0.000000e+00 0.000000e+00
6.223690 5.642000e+01 2.792000e+02 9.204000e-01 8.259000e-02 2.477000e+02 6.437000e-01 3.234970e+03 0.000000e+00 0.000000e+00
6.373590 -9.990000e+02 -3.361000e+105 1.308000e+00 1.124000e-01 2.467000e+02 6.330000e-01 4.205441e+03 0.000000e+00 0.000000e+00
6.523490 8.152000e+01 1.156000e+02 9.885000e-01 9.135000e-02 2.458000e+02 6.224000e-01 3.298719e+03 0.000000e+00 0.000000e+00
6.673380 4.191000e+02 1.030000e+03 1.337000e+00 1.196000e-01 2.448000e+02 6.121000e-01 4.098021e+03 0.000000e+00 0.000000e+00
6.823280 -9.990000e+02 -3.361000e+105 1.170000e+00 1.097000e-01 2.438000e+02 6.018000e-01 3.608876e+03 0.000000e+00 0.000000e+00
6.973170 3.777000e+01 7.381000e+01 1.129000e+00 1.085000e-01 2.429000e+02 5.918000e-01 3.453009e+03 0.000000e+00 0.000000e+00
7.123070 -9.990000e+02 -3.361000e+105 1.036000e+00 1.027000e-01 2.419000e+02 5.817000e-01 3.197039e+03 0.000000e+00 0.000000e+00
7.272970 1.379000e+03 1.371000e+04 7.768000e-01 8.237000e-02 2.409000e+02 5.717000e-01 2.592282e+03 0.000000e+00 0.000000e+00
7.422860 6.352000e+102 9.985000e+204 1.225000e+00 1.219000e-01 2.399000e+02 5.620000e-01 3.526927e+03 0.000000e+00 0.000000e+00
7.572760 -9.990000e+02 -3.710000e+105 1.167000e+00 1.191000e-01 2.390000e+02 5.523000e-01 3.355320e+03 0.000000e+00 0.000000e+00
7.722660 6.516000e+01 3.069000e+02 1.387000e+00 1.406000e-01 2.380000e+02 5.429000e-01 3.728093e+03 0.000000e+00 0.000000e+00
7.872550 4.801000e+01 1.264000e+02 1.084000e+00 1.162000e-01 2.370000e+02 5.336000e-01 3.099304e+03 0.000000e+00 0.000000e+00
8.022450 -9.990000e+02 -3.361000e+105 1.254000e+00 1.335000e-01 2.361000e+02 5.244000e-01 3.379393e+03 0.000000e+00 0.000000e+00
8.172340 -9.990000e+02 -3.710000e+105 1.043000e+00 1.157000e-01 2.351000e+02 5.152000e-01 2.972435e+03 0.000000e+00 0.000000e+00
8.322240 2.939000e+00 2.438000e+02 1.220000e+00 1.339000e-01 2.341000e+02 5.061000e-01 3.255666e+03 0.000000e+00 0.000000e+00
8.472140 8.578000e+01 5.881000e+02 1.360000e+00 1.494000e-01 2.331000e+02 4.972000e-01 3.445797e+03 0.000000e+00 0.000000e+00
8.622030 7.317000e+02 3.875000e+03 1.037000e+00 1.198000e-01 2.322000e+02 4.884000e-01 2.899607e+03 0.000000e+00 0.000000e+00
8.771930 -9.990000e+02 -3.710000e+105 1.285000e+00 1.461000e-01 2.312000e+02 4.798000e-01 3.270676e+03 0.000000e+00 0.000000e+00
8.921830 -9.990000e+02 -3.361000e+105 1.081000e+00 1.271000e-01 2.302000e+02 4.714000e-01 2.945532e+03 0.000000e+00 0.000000e+00
9.071720 -9.990000e+02 -3.361000e+105 9.809000e-01 1.176000e-01 2.293000e+02 4.630000e-01 2.798402e+03 0.000000e+00 0.000000e+00
9.221620 1.362000e+104 2.141000e+206 1.797000e+00 2.048000e-01 2.283000e+02 4.546000e-01 3.912310e+03 0.000000e+00 0.000000e+00
9.371510 -9.990000e+02 -3.361000e+105 2.150000e+00 2.516000e-01 2.273000e+02 4.464000e-01 4.260139e+03 0.000000e+00 0.000000e+00
9.521410 -9.990000e+02 -3.361000e+105 2.150000e+00 2.638000e-01 2.263000e+02 4.383000e-01 4.125481e+03 0.000000e+00 0.000000e+00
9.671310 -9.990000e+02 -3.361000e+105 1.777000e+00 2.285000e-01 2.254000e+02 4.304000e-01 3.601528e+03 0.000000e+00 0.000000e+00
9.821200 -9.990000e+02 -3.710000e+105 1.480000e+00 1.966000e-01 2.244000e+02 4.226000e-01 3.231660e+03 0.000000e+00 0.000000e+00
