2021/07/09 11:15:05-11:29:03 JST
fH2O= 58.55 /mnt/d/data/Na210709/11/Na112803.(00-0d)25ns 24000/40bin dz149.90 8330 shot 1.000mrad wid=0 fnum:14 fnum_noise:0
Altitude(km) W[g/kg] dW[g/kg] R355 dR355 T[K] RO[gm^-3] PZ^2_355 Wsonde[g/kg] dWsonde[g/kg]
0.190370 1.846000e+01 9.581000e-01 1.036000e-01 3.462000e-02 2.869000e+02 1.203000e+00 1.360079e+03 0.000000e+00 0.000000e+00
0.265320 1.799000e+01 1.006000e+00 1.982000e-01 6.599000e-02 2.864000e+02 1.194000e+00 2.533625e+03 0.000000e+00 0.000000e+00
0.340270 1.846000e+01 1.147000e+00 2.668000e-01 8.855000e-02 2.859000e+02 1.185000e+00 3.334786e+03 0.000000e+00 0.000000e+00
0.415210 1.572000e+01 1.327000e+00 3.396000e-01 1.125000e-01 2.854000e+02 1.177000e+00 4.159126e+03 0.000000e+00 0.000000e+00
0.490160 1.629000e+01 1.508000e+00 3.949000e-01 1.305000e-01 2.849000e+02 1.168000e+00 4.742503e+03 0.000000e+00 0.000000e+00
0.565110 1.339000e+01 1.705000e+00 4.504000e-01 1.486000e-01 2.845000e+02 1.160000e+00 5.309164e+03 0.000000e+00 0.000000e+00
0.640060 1.820000e+01 1.969000e+00 5.042000e-01 1.661000e-01 2.840000e+02 1.151000e+00 5.836366e+03 0.000000e+00 0.000000e+00
0.715010 1.714000e+01 2.321000e+00 5.650000e-01 1.860000e-01 2.835000e+02 1.143000e+00 6.423303e+03 0.000000e+00 0.000000e+00
0.789960 1.616000e+01 2.763000e+00 6.279000e-01 2.065000e-01 2.830000e+02 1.135000e+00 7.013850e+03 0.000000e+00 0.000000e+00
0.864900 1.677000e+01 3.093000e+00 9.483000e-01 3.119000e-01 2.825000e+02 1.126000e+00 1.040446e+04 0.000000e+00 0.000000e+00
0.939850 1.291000e+01 3.840000e+00 1.587000e+00 5.197000e-01 2.820000e+02 1.118000e+00 1.666358e+04 0.000000e+00 0.000000e+00
1.014800 1.227000e+01 4.339000e+00 8.482000e-01 2.778000e-01 2.815000e+02 1.110000e+00 8.763693e+03 0.000000e+00 0.000000e+00
1.127220 1.466000e+01 4.016000e+00 6.205000e-01 2.518000e-01 2.808000e+02 1.098000e+00 6.516611e+03 0.000000e+00 0.000000e+00
1.277120 1.637000e+01 4.957000e+00 6.714000e-01 2.721000e-01 2.798000e+02 1.082000e+00 6.819529e+03 0.000000e+00 0.000000e+00
1.427010 1.195000e+01 6.341000e+00 6.388000e-01 2.585000e-01 2.788000e+02 1.066000e+00 6.283096e+03 0.000000e+00 0.000000e+00
1.576910 1.871000e+01 8.211000e+00 6.777000e-01 2.739000e-01 2.779000e+02 1.050000e+00 6.453277e+03 0.000000e+00 0.000000e+00
1.726810 5.445000e+00 9.020000e+00 7.110000e-01 2.871000e-01 2.769000e+02 1.034000e+00 6.558355e+03 0.000000e+00 0.000000e+00
1.876700 1.955000e+01 1.283000e+01 7.483000e-01 3.020000e-01 2.759000e+02 1.019000e+00 6.689295e+03 0.000000e+00 0.000000e+00
2.026600 6.544000e+00 1.302000e+01 1.062000e+00 4.271000e-01 2.750000e+02 1.004000e+00 9.134647e+03 0.000000e+00 0.000000e+00
2.176500 -9.990000e+02 -9.990000e+11 6.935000e+00 1.212000e+00 2.740000e+02 9.887000e-01 3.603331e+04 0.000000e+00 0.000000e+00
2.326390 1.218000e+01 3.116000e+01 1.717000e+00 2.902000e-01 2.730000e+02 9.737000e-01 8.251129e+03 0.000000e+00 0.000000e+00
2.476290 -9.990000e+02 -3.407000e+105 9.168000e-01 1.558000e-01 2.720000e+02 9.590000e-01 4.325464e+03 0.000000e+00 0.000000e+00
2.626180 -9.990000e+02 -9.990000e+11 8.348000e-01 1.421000e-01 2.711000e+02 9.445000e-01 3.841955e+03 0.000000e+00 0.000000e+00
2.776080 -9.990000e+02 -9.990000e+11 1.324000e+00 2.222000e-01 2.701000e+02 9.302000e-01 5.718201e+03 0.000000e+00 0.000000e+00
2.925980 -9.990000e+02 -9.990000e+11 2.227000e+00 3.373000e-01 2.691000e+02 9.161000e-01 8.477798e+03 0.000000e+00 0.000000e+00
3.075870 3.498000e+01 3.881000e+01 2.339000e+00 3.083000e-01 2.682000e+02 9.021000e-01 7.869024e+03 0.000000e+00 0.000000e+00
3.225770 7.545000e+01 1.304000e+02 3.041000e+00 2.252000e-01 2.672000e+02 8.881000e-01 8.592087e+03 0.000000e+00 0.000000e+00
3.375670 7.693000e+00 6.268000e+01 1.200000e+00 9.549000e-02 2.662000e+02 8.744000e-01 3.374862e+03 0.000000e+00 0.000000e+00
3.525560 -9.990000e+02 -3.407000e+105 9.180000e-01 7.649000e-02 2.652000e+02 8.608000e-01 2.573975e+03 0.000000e+00 0.000000e+00
3.675460 -9.990000e+02 -3.407000e+105 1.016000e+00 8.460000e-02 2.643000e+02 8.475000e-01 2.763712e+03 0.000000e+00 0.000000e+00
3.825350 1.388000e+104 2.216000e+206 9.700000e-01 8.256000e-02 2.633000e+02 8.344000e-01 2.598345e+03 0.000000e+00 0.000000e+00
3.975250 -9.990000e+02 -3.762000e+105 9.273000e-01 8.065000e-02 2.623000e+02 8.215000e-01 2.450192e+03 0.000000e+00 0.000000e+00
4.125150 1.231000e+104 1.965000e+206 9.089000e-01 8.048000e-02 2.613000e+02 8.085000e-01 2.366039e+03 0.000000e+00 0.000000e+00
4.275040 1.617000e+01 1.129000e+02 9.393000e-01 8.404000e-02 2.604000e+02 7.957000e-01 2.394823e+03 0.000000e+00 0.000000e+00
4.424940 7.887000e+01 1.774000e+02 1.123000e+00 9.886000e-02 2.594000e+02 7.830000e-01 2.732231e+03 0.000000e+00 0.000000e+00
4.574830 7.007000e+01 2.015000e+02 9.822000e-01 8.976000e-02 2.584000e+02 7.706000e-01 2.396984e+03 0.000000e+00 0.000000e+00
4.724730 -9.990000e+02 -3.407000e+105 1.024000e+00 9.426000e-02 2.574000e+02 7.584000e-01 2.444975e+03 0.000000e+00 0.000000e+00
4.874630 -9.990000e+02 -3.407000e+105 1.000000e+00 1.312000e-02 2.565000e+02 7.463000e-01 2.364859e+03 0.000000e+00 0.000000e+00
5.024520 4.393000e+02 6.430000e+03 9.531000e-01 9.155000e-02 2.555000e+02 7.345000e-01 2.247348e+03 0.000000e+00 0.000000e+00
5.174420 1.649000e+104 2.633000e+206 8.507000e-01 8.472000e-02 2.545000e+02 7.225000e-01 2.035254e+03 0.000000e+00 0.000000e+00
5.324320 4.230000e+03 1.294000e+05 1.298000e+00 1.239000e-01 2.536000e+02 7.108000e-01 2.778769e+03 0.000000e+00 0.000000e+00
5.474210 1.143000e+02 1.127000e+02 1.254000e+00 1.234000e-01 2.526000e+02 6.992000e-01 2.637645e+03 0.000000e+00 0.000000e+00
5.624110 -9.990000e+02 -3.762000e+105 1.065000e+00 1.093000e-01 2.516000e+02 6.878000e-01 2.293638e+03 0.000000e+00 0.000000e+00
5.774000 2.413000e+02 1.056000e+03 1.019000e+00 1.068000e-01 2.506000e+02 6.766000e-01 2.200757e+03 0.000000e+00 0.000000e+00
5.923900 -9.990000e+02 -3.762000e+105 7.600000e-01 8.461000e-02 2.497000e+02 6.656000e-01 1.789983e+03 0.000000e+00 0.000000e+00
6.073800 -9.990000e+02 -3.407000e+105 1.020000e+00 1.102000e-01 2.487000e+02 6.547000e-01 2.176919e+03 0.000000e+00 0.000000e+00
6.223690 -9.990000e+02 -3.407000e+105 1.122000e+00 1.213000e-01 2.477000e+02 6.437000e-01 2.305062e+03 0.000000e+00 0.000000e+00
6.373590 1.448000e+03 1.882000e+04 1.223000e+00 1.329000e-01 2.467000e+02 6.330000e-01 2.417436e+03 0.000000e+00 0.000000e+00
6.523490 -9.990000e+02 -3.407000e+105 1.237000e+00 1.365000e-01 2.458000e+02 6.224000e-01 2.404784e+03 0.000000e+00 0.000000e+00
6.673380 3.096000e+01 2.811000e+02 7.646000e-01 9.107000e-02 2.448000e+02 6.121000e-01 1.781588e+03 0.000000e+00 0.000000e+00
6.823280 -9.990000e+02 -3.762000e+105 1.142000e+00 1.309000e-01 2.438000e+02 6.018000e-01 2.258344e+03 0.000000e+00 0.000000e+00
6.973170 -9.990000e+02 -3.407000e+105 1.000000e+07 1.293000e+40 2.429000e+02 5.918000e-01 2.323904e+04 0.000000e+00 0.000000e+00
7.123070 2.000000e+03 5.130000e+04 1.000000e+07 2.587000e+40 2.419000e+02 5.817000e-01 7.663912e+03 0.000000e+00 0.000000e+00
7.272970 4.509000e+103 7.200000e+205 1.000000e+07 4.090000e+40 2.409000e+02 5.717000e-01 1.745774e+03 0.000000e+00 0.000000e+00
7.422860 -9.990000e+02 -3.407000e+105 1.000000e+07 5.784000e+40 2.399000e+02 5.620000e-01 1.570488e+03 0.000000e+00 0.000000e+00
7.572760 -9.990000e+02 -3.762000e+105 1.000000e+07 7.652000e+40 2.390000e+02 5.523000e-01 1.950018e+03 0.000000e+00 0.000000e+00
7.722660 -9.990000e+02 -3.762000e+105 1.000000e+07 9.679000e+40 2.380000e+02 5.429000e-01 2.505190e+03 0.000000e+00 0.000000e+00
7.872550 1.967000e+104 3.141000e+206 1.000000e+07 1.185000e+41 2.370000e+02 5.336000e-01 1.766539e+03 0.000000e+00 0.000000e+00
8.022450 -9.990000e+02 -3.407000e+105 1.000000e+07 1.417000e+41 2.361000e+02 5.244000e-01 1.319500e+03 0.000000e+00 0.000000e+00
8.172340 2.016000e+03 3.473000e+04 1.000000e+07 1.661000e+41 2.351000e+02 5.152000e-01 2.170834e+03 0.000000e+00 0.000000e+00
8.322240 1.655000e+104 2.643000e+206 1.000000e+07 1.918000e+41 2.341000e+02 5.061000e-01 1.662401e+03 0.000000e+00 0.000000e+00
8.472140 1.942000e+02 2.088000e+03 1.000000e+07 2.187000e+41 2.331000e+02 4.972000e-01 2.225345e+03 0.000000e+00 0.000000e+00
8.622030 1.615000e+02 1.306000e+03 1.000000e+07 2.468000e+41 2.322000e+02 4.884000e-01 1.747153e+03 0.000000e+00 0.000000e+00
8.771930 5.542000e+02 3.059000e+03 1.000000e+07 2.759000e+41 2.312000e+02 4.798000e-01 1.616038e+03 0.000000e+00 0.000000e+00
8.921830 6.922000e+103 1.105000e+206 1.000000e+07 3.061000e+41 2.302000e+02 4.714000e-01 2.229016e+03 0.000000e+00 0.000000e+00
9.071720 -9.990000e+02 -3.407000e+105 1.000000e+07 3.373000e+41 2.293000e+02 4.630000e-01 1.810693e+03 0.000000e+00 0.000000e+00
9.221620 4.069000e+103 6.498000e+205 1.000000e+07 3.695000e+41 2.283000e+02 4.546000e-01 2.849121e+03 0.000000e+00 0.000000e+00
9.371510 1.348000e+02 1.822000e+02 1.000000e+07 4.026000e+41 2.273000e+02 4.464000e-01 4.040527e+03 0.000000e+00 0.000000e+00
9.521410 -9.990000e+02 -3.762000e+105 1.000000e+07 4.367000e+41 2.263000e+02 4.383000e-01 6.709903e+03 0.000000e+00 0.000000e+00
9.671310 -9.990000e+02 -3.407000e+105 1.000000e+07 4.717000e+41 2.254000e+02 4.304000e-01 6.829277e+03 0.000000e+00 0.000000e+00
9.821200 1.565000e+104 2.500000e+206 1.000000e+07 5.076000e+41 2.244000e+02 4.226000e-01 3.714030e+03 0.000000e+00 0.000000e+00
