2021/07/10 00:45:00-00:58:52 JST
fH2O= 62.19 /media/data/L0/Ko210710/00/Ko005800.(00-0d)25ns 24000/40bin dz149.90 7315 shot 0.300mrad wid=0 fnum:14 fnum_noise:0
Altitude(km) W[g/kg] dW[g/kg] R355 dR355 T[K] RO[gm^-3] PZ^2_355 Wsonde[g/kg] dWsonde[g/kg]
0.192370 1.958000e+01 6.984000e-01 1.000000e+07 3.234000e+39 2.869000e+02 1.202000e+00 4.685267e+03 0.000000e+00 0.000000e+00
0.267320 1.840000e+01 8.628000e-01 1.000000e+07 5.113000e+39 2.864000e+02 1.194000e+00 8.933058e+03 0.000000e+00 0.000000e+00
0.342270 1.840000e+01 1.320000e+00 1.000000e+07 7.230000e+39 2.859000e+02 1.185000e+00 9.500364e+03 0.000000e+00 0.000000e+00
0.417210 1.703000e+01 2.087000e+00 1.000000e+07 9.565000e+39 2.854000e+02 1.176000e+00 4.721895e+03 0.000000e+00 0.000000e+00
0.492160 -9.990000e+02 -9.990000e+11 1.000000e+07 1.210000e+40 2.849000e+02 1.168000e+00 1.926672e+03 0.000000e+00 0.000000e+00
0.567110 1.582000e+01 3.140000e+00 1.000000e+07 1.482000e+40 2.844000e+02 1.159000e+00 8.636710e+02 0.000000e+00 0.000000e+00
0.642060 1.456000e+01 3.544000e+00 1.000000e+07 1.771000e+40 2.840000e+02 1.151000e+00 1.220565e+03 0.000000e+00 0.000000e+00
0.717010 -9.990000e+02 -9.990000e+11 1.000000e+07 2.077000e+40 2.835000e+02 1.143000e+00 2.226227e+03 0.000000e+00 0.000000e+00
0.791960 2.036000e+01 1.386000e+01 1.000000e+07 2.398000e+40 2.830000e+02 1.134000e+00 1.287035e+03 0.000000e+00 0.000000e+00
0.866900 -9.990000e+02 -4.468000e+102 1.000000e+07 2.734000e+40 2.825000e+02 1.126000e+00 7.591511e+01 0.000000e+00 0.000000e+00
0.941850 -9.990000e+02 -4.468000e+102 1.000000e+07 3.085000e+40 2.820000e+02 1.118000e+00 1.330589e+01 0.000000e+00 0.000000e+00
1.016800 -9.990000e+02 -4.468000e+102 1.000000e+07 3.449000e+40 2.815000e+02 1.110000e+00 1.137237e+01 0.000000e+00 0.000000e+00
1.129220 -9.990000e+02 -5.472000e+102 -9.990000e+02 -8.074000e+02 2.808000e+02 1.098000e+00 2.231619e+01 0.000000e+00 0.000000e+00
1.279120 -9.990000e+02 -5.472000e+102 -9.990000e+02 -8.520000e+02 2.798000e+02 1.081000e+00 7.362919e+00 0.000000e+00 0.000000e+00
1.429010 -9.990000e+02 -7.738000e+102 -9.990000e+02 -9.416000e+02 2.788000e+02 1.065000e+00 3.063203e+00 0.000000e+00 0.000000e+00
1.578910 -9.990000e+02 -7.738000e+102 -9.990000e+02 -1.086000e+03 2.779000e+02 1.050000e+00 1.246520e+00 0.000000e+00 0.000000e+00
1.728810 -9.990000e+02 -5.472000e+102 -9.990000e+02 -1.086000e+03 2.769000e+02 1.034000e+00 1.494447e+00 0.000000e+00 0.000000e+00
1.878700 -9.990000e+02 -7.738000e+102 -9.990000e+02 -1.086000e+03 2.759000e+02 1.019000e+00 1.764826e+00 0.000000e+00 0.000000e+00
2.028600 -9.990000e+02 -5.472000e+102 -9.990000e+02 -1.117000e+03 2.750000e+02 1.004000e+00 0.000000e+00 0.000000e+00 0.000000e+00
2.178500 -9.990000e+02 -5.472000e+102 -9.990000e+02 -1.086000e+03 2.740000e+02 9.885000e-01 2.373033e+00 0.000000e+00 0.000000e+00
2.328390 -9.990000e+02 -7.738000e+102 -9.990000e+02 -1.117000e+03 2.730000e+02 9.735000e-01 0.000000e+00 0.000000e+00 0.000000e+00
2.478290 -9.990000e+02 -7.738000e+102 -9.990000e+02 -1.086000e+03 2.720000e+02 9.588000e-01 3.071102e+00 0.000000e+00 0.000000e+00
2.628180 -9.990000e+02 -9.990000e+11 -9.990000e+02 -1.117000e+03 2.711000e+02 9.443000e-01 0.000000e+00 0.000000e+00 0.000000e+00
2.778080 -9.990000e+02 -9.990000e+11 -9.990000e+02 -1.117000e+03 2.701000e+02 9.300000e-01 0.000000e+00 0.000000e+00 0.000000e+00
2.927980 -9.990000e+02 -7.738000e+102 -9.990000e+02 -9.902000e+02 2.691000e+02 9.159000e-01 8.573498e+00 0.000000e+00 0.000000e+00
3.077870 -9.990000e+02 -7.738000e+102 -9.990000e+02 -1.086000e+03 2.682000e+02 9.019000e-01 4.736880e+00 0.000000e+00 0.000000e+00
3.227770 -9.990000e+02 -7.738000e+102 -9.990000e+02 -1.117000e+03 2.672000e+02 8.879000e-01 0.000000e+00 0.000000e+00 0.000000e+00
3.377670 -9.990000e+02 -5.472000e+102 -9.990000e+02 -1.086000e+03 2.662000e+02 8.742000e-01 5.704622e+00 0.000000e+00 0.000000e+00
3.527560 -9.990000e+02 -7.738000e+102 -9.990000e+02 -9.416000e+02 2.652000e+02 8.607000e-01 1.866654e+01 0.000000e+00 0.000000e+00
3.677460 -9.990000e+02 -7.738000e+102 -9.990000e+02 -1.117000e+03 2.642000e+02 8.473000e-01 0.000000e+00 0.000000e+00 0.000000e+00
3.827350 -9.990000e+02 -7.738000e+102 -9.990000e+02 -1.086000e+03 2.633000e+02 8.342000e-01 7.324697e+00 0.000000e+00 0.000000e+00
3.977250 -9.990000e+02 -7.738000e+102 -9.990000e+02 -1.086000e+03 2.623000e+02 8.213000e-01 7.909687e+00 0.000000e+00 0.000000e+00
4.127150 -9.990000e+02 -5.472000e+102 -9.990000e+02 -1.086000e+03 2.613000e+02 8.083000e-01 8.517149e+00 0.000000e+00 0.000000e+00
4.277040 -9.990000e+02 -7.738000e+102 -9.990000e+02 -1.086000e+03 2.604000e+02 7.955000e-01 9.147039e+00 0.000000e+00 0.000000e+00
4.426940 -9.990000e+02 -5.472000e+102 -9.990000e+02 -1.311000e+01 2.594000e+02 7.829000e-01 0.000000e+00 0.000000e+00 0.000000e+00
4.576830 -9.990000e+02 -7.738000e+102 -9.990000e+02 -1.086000e+03 2.584000e+02 7.704000e-01 1.047427e+01 0.000000e+00 0.000000e+00
4.726730 -9.990000e+02 -7.738000e+102 -9.990000e+02 -1.086000e+03 2.574000e+02 7.582000e-01 1.117162e+01 0.000000e+00 0.000000e+00
4.876630 -9.990000e+02 -7.738000e+102 -9.990000e+02 -9.902000e+02 2.565000e+02 7.462000e-01 2.378289e+01 0.000000e+00 0.000000e+00
5.026520 -9.990000e+02 -7.738000e+102 -9.990000e+02 -9.902000e+02 2.555000e+02 7.343000e-01 2.526737e+01 0.000000e+00 0.000000e+00
5.176420 -9.990000e+02 -7.738000e+102 -9.990000e+02 -1.117000e+03 2.545000e+02 7.224000e-01 0.000000e+00 0.000000e+00 0.000000e+00
5.326320 5.093000e+101 2.789000e+201 -9.990000e+02 -1.117000e+03 2.535000e+02 7.106000e-01 0.000000e+00 0.000000e+00 0.000000e+00
5.476210 -9.990000e+02 -7.738000e+102 -9.990000e+02 -1.086000e+03 2.526000e+02 6.990000e-01 1.499531e+01 0.000000e+00 0.000000e+00
5.626110 5.085000e+101 2.785000e+201 -9.990000e+02 -1.117000e+03 2.516000e+02 6.877000e-01 0.000000e+00 0.000000e+00 0.000000e+00
5.776000 -9.990000e+02 -7.738000e+102 -9.990000e+02 -1.117000e+03 2.506000e+02 6.765000e-01 0.000000e+00 0.000000e+00 0.000000e+00
5.925900 -9.990000e+02 -7.738000e+102 -9.990000e+02 -1.117000e+03 2.497000e+02 6.655000e-01 0.000000e+00 0.000000e+00 0.000000e+00
6.075800 -9.990000e+02 -5.472000e+102 -9.990000e+02 -1.117000e+03 2.487000e+02 6.545000e-01 0.000000e+00 0.000000e+00 0.000000e+00
6.225690 -9.990000e+02 -7.738000e+102 -9.990000e+02 -9.416000e+02 2.477000e+02 6.436000e-01 5.814239e+01 0.000000e+00 0.000000e+00
6.375590 -9.990000e+02 -7.738000e+102 -9.990000e+02 -1.117000e+03 2.467000e+02 6.329000e-01 0.000000e+00 0.000000e+00 0.000000e+00
6.525490 -9.990000e+02 -7.738000e+102 -9.990000e+02 -1.117000e+03 2.458000e+02 6.223000e-01 0.000000e+00 0.000000e+00 0.000000e+00
6.675380 -9.990000e+02 -5.472000e+102 -9.990000e+02 -1.117000e+03 2.448000e+02 6.119000e-01 0.000000e+00 0.000000e+00 0.000000e+00
6.825280 -9.990000e+02 -7.738000e+102 -9.990000e+02 -1.086000e+03 2.438000e+02 6.017000e-01 2.329362e+01 0.000000e+00 0.000000e+00
6.975170 -9.990000e+02 -5.472000e+102 -9.990000e+02 -9.416000e+02 2.429000e+02 5.917000e-01 7.298404e+01 0.000000e+00 0.000000e+00
7.125070 -9.990000e+02 -7.738000e+102 -9.990000e+02 -1.117000e+03 2.419000e+02 5.816000e-01 0.000000e+00 0.000000e+00 0.000000e+00
7.274970 -9.990000e+02 -7.738000e+102 -9.990000e+02 -1.117000e+03 2.409000e+02 5.716000e-01 0.000000e+00 0.000000e+00 0.000000e+00
7.424860 -9.990000e+02 -7.738000e+102 -9.990000e+02 -1.117000e+03 2.399000e+02 5.618000e-01 0.000000e+00 0.000000e+00 0.000000e+00
7.574760 -9.990000e+02 -7.738000e+102 -9.990000e+02 -1.117000e+03 2.389000e+02 5.522000e-01 0.000000e+00 0.000000e+00 0.000000e+00
7.724660 5.925000e+01 1.057000e+02 -9.990000e+02 -1.086000e+03 2.380000e+02 5.427000e-01 2.983700e+01 0.000000e+00 0.000000e+00
7.874550 -9.990000e+02 -5.472000e+102 -9.990000e+02 -1.117000e+03 2.370000e+02 5.334000e-01 0.000000e+00 0.000000e+00 0.000000e+00
8.024450 -9.990000e+02 -7.738000e+102 -9.990000e+02 -1.086000e+03 2.361000e+02 5.243000e-01 3.219786e+01 0.000000e+00 0.000000e+00
8.174340 -9.990000e+02 -7.738000e+102 -9.990000e+02 -1.086000e+03 2.351000e+02 5.150000e-01 3.341196e+01 0.000000e+00 0.000000e+00
8.324240 -9.990000e+02 -7.738000e+102 -9.990000e+02 -1.117000e+03 2.341000e+02 5.060000e-01 0.000000e+00 0.000000e+00 0.000000e+00
8.474140 5.022000e+101 2.751000e+201 -9.990000e+02 -1.086000e+03 2.331000e+02 4.971000e-01 3.590773e+01 0.000000e+00 0.000000e+00
8.624030 -9.990000e+02 -7.738000e+102 -9.990000e+02 -9.902000e+02 2.321000e+02 4.883000e-01 7.437854e+01 0.000000e+00 0.000000e+00
8.773930 -9.990000e+02 -7.738000e+102 -9.990000e+02 -1.117000e+03 2.312000e+02 4.797000e-01 0.000000e+00 0.000000e+00 0.000000e+00
8.923830 -9.990000e+02 -5.472000e+102 -9.990000e+02 -1.086000e+03 2.302000e+02 4.713000e-01 3.981983e+01 0.000000e+00 0.000000e+00
9.073720 -9.990000e+02 -7.738000e+102 -9.990000e+02 -1.117000e+03 2.292000e+02 4.629000e-01 0.000000e+00 0.000000e+00 0.000000e+00
9.223620 -9.990000e+02 -7.738000e+102 -9.990000e+02 -9.416000e+02 2.283000e+02 4.545000e-01 1.276209e+02 0.000000e+00 0.000000e+00
9.373510 -9.990000e+02 -7.738000e+102 -9.990000e+02 -9.416000e+02 2.273000e+02 4.463000e-01 1.318025e+02 0.000000e+00 0.000000e+00
9.523410 -9.990000e+02 -7.738000e+102 -9.990000e+02 -1.117000e+03 2.263000e+02 4.382000e-01 0.000000e+00 0.000000e+00 0.000000e+00
9.673310 -9.990000e+02 -7.738000e+102 -9.990000e+02 -9.902000e+02 2.253000e+02 4.303000e-01 9.357883e+01 0.000000e+00 0.000000e+00
9.823200 -9.990000e+02 -7.738000e+102 -9.990000e+02 -1.117000e+03 2.244000e+02 4.225000e-01 0.000000e+00 0.000000e+00 0.000000e+00
